              0      0.0226306
     0.00477029       -7.10601
      0.0190812       -1.75955
      0.0429327      -0.769487
      0.0763247      -0.422996
       0.119257      -0.262658
       0.171731      -0.175606
       0.233744      -0.123168
       0.305299     -0.0891917
       0.386394     -0.0659624
       0.477029     -0.0494167
       0.577206     -0.0372495
       0.686922     -0.0280735
        0.80618     -0.0210134
       0.934978     -0.0154942
        1.07332     -0.0111253
         1.2212    -0.00763398
        1.37862    -0.00482482
        1.54558    -0.00255486
        1.72208   -0.000717495
        1.90812    0.000768156
         2.1037     0.00196449
        2.30882     0.00292043
        2.52349     0.00367498
        2.74769     0.00425977
        2.98143      0.0047009
        3.22472     0.00502028
        3.47754     0.00523655
        3.73991     0.00536578
        4.01182     0.00542193
        4.29327     0.00541717
        4.58425     0.00536212
        4.88478       0.005266
        5.19485     0.00513681
        5.51446     0.00498138
        5.84361     0.00480556
         6.1823      0.0046143
        6.53053     0.00441177
        6.88831     0.00420147
        7.25562     0.00398634
        7.63247     0.00376883
        8.01887     0.00355097
         8.4148     0.00333442
        8.82027     0.00312053
        9.23529     0.00291036
        9.65985     0.00270471
        10.0939     0.00250418
        10.5376     0.00230919
        10.9908     0.00212007
        11.4535     0.00193707
        11.9257     0.00176046
        12.4075     0.00159055
        12.8989      0.0014277
        13.0926     0.00136636
        13.0973     0.00136487
        13.1116     0.00136041
        13.1355     0.00135298
        13.1689     0.00134263
        13.2118     0.00132939
        13.2643     0.00131332
        13.3263     0.00129447
        13.3979     0.00127293
        13.3998     0.00127237
         13.479     0.00124878
        13.5696     0.00122213
        13.6698     0.00119307
        13.7795     0.00116173
        13.8987     0.00112824
        13.9102     0.00112507
        14.0275     0.00109276
        14.1659     0.00105542
        14.3138      0.0010164
        14.4301    0.000986343
        14.4712    0.000975878
        14.6381    0.000934032
        14.8146    0.000891059
        14.9596    0.000856724
        15.0007    0.000847164
        15.1963    0.000802557
        15.4014    0.000757455
        15.4987    0.000736658
        15.6161    0.000712079
        15.8403    0.000666651
        16.0473    0.000626461
         16.074    0.000621393
        16.3173    0.000576526
        16.5701    0.000532261
        16.6054    0.000526271
        16.8325    0.000488803
        16.8333    0.000488671
        16.8381    0.000487904
        16.8524    0.000485607
        16.8762    0.000481796
        16.9096    0.000476494
        16.9526    0.000469734
         17.005     0.00046156
         17.067    0.000452023
        17.1044    0.000446345
        17.1386    0.000441183
        17.1731    0.000436025
        17.2197    0.000429109
        17.3103    0.000415876
        17.3858    0.000405061
        17.4105    0.000401568
        17.5202    0.000386273
        17.6395    0.000370088
        17.6768    0.000365112
        17.7503    0.000355454
        17.7683    0.000353111
        17.9066    0.000335445
        17.9773    0.000326637
        18.0545    0.000317199
        18.2119    0.000298479
        18.2874    0.000289752
         18.337    0.000284107
        18.3789    0.000279395
        18.5554    0.000260056
         18.607    0.000254555
        18.7414    0.000240568
        18.9362    0.000221118
         18.937    0.000221038
        18.9333    0.000221398
        19.1421    0.000201565
        19.2749    0.000189496
        19.3568     0.00018225
        19.5391     0.00016666
         19.581    0.000163184
        19.6231    0.000159725
        19.8147    0.000144456
        19.9809    0.000131828
         20.058     0.00012615
        20.1545    0.000119212
        20.3108    0.000108343
        20.3482    0.000105815
        20.5732    9.11098e-05
         20.725    8.16911e-05
        20.7794    7.84143e-05
        20.8451    7.45196e-05
        21.1114    5.94605e-05
        21.1266    5.86389e-05
        21.4176    4.35316e-05
        21.4139    4.37157e-05
        21.5074    3.91279e-05
        21.7181      2.926e-05
        21.9128    2.07031e-05
        22.0282    1.58854e-05
        22.0578    1.46743e-05
        22.3279    4.20243e-06
        22.3478     3.4686e-06
        22.4444    -2.1407e-08
        22.4492   -1.90561e-07
        22.4635   -6.96271e-07
        22.4873   -1.53329e-06
        22.5207   -2.69293e-06
        22.5637   -4.16306e-06
        22.6161   -5.92826e-06
        22.6769   -7.92971e-06
        22.6781   -7.96986e-06
        22.7114   -9.04405e-06
        22.7497    -1.0266e-05
        22.7524   -1.03519e-05
        22.8308    -1.2792e-05
        22.9214   -1.55201e-05
        23.0156   -1.82496e-05
        23.0216   -1.84201e-05
        23.1313   -2.14589e-05
        23.1865   -2.29337e-05
        23.2506   -2.46013e-05
        23.3638   -2.74329e-05
        23.3794     -2.781e-05
        23.3744   -2.76906e-05
        23.5177   -3.10457e-05
        23.6301   -3.35171e-05
        23.6656   -3.42673e-05
        23.7216   -3.54244e-05
         23.823   -3.74323e-05
          23.99   -4.04973e-05
        24.0471   -4.14774e-05
        24.0833   -4.20825e-05
        24.0889   -4.21746e-05
        24.1665    -4.3418e-05
        24.3148   -4.56238e-05
        24.3195   -4.56911e-05
        24.3338   -4.58915e-05
        24.3525   -4.61498e-05
        24.3577   -4.62209e-05
        24.3911   -4.66725e-05
         24.434   -4.72369e-05
        24.4658   -4.76425e-05
        24.4865   -4.79019e-05
         24.546   -4.86239e-05
        24.5485   -4.86531e-05
        24.5481   -4.86482e-05
        24.6201   -4.94734e-05
        24.7012   -5.03438e-05
        24.7292   -5.06303e-05
        24.7532   -5.08696e-05
        24.7918   -5.12429e-05
        24.8522   -5.17991e-05
         24.892   -5.21475e-05
        24.9679   -5.27718e-05
        25.0017   -5.30329e-05
        25.0183   -5.31576e-05
        25.1209    -5.3873e-05
        25.1921   -5.43145e-05
        25.2497   -5.46402e-05
        25.2481   -5.46313e-05
        25.3881   -5.53067e-05
        25.4258   -5.54608e-05
        25.4209   -5.54413e-05
        25.5001   -5.57299e-05
         25.536   -5.58438e-05
        25.6536   -5.61458e-05
        25.6691   -5.61775e-05
        25.6934   -5.62234e-05
        25.8603   -5.64175e-05
        25.9219   -5.64367e-05
        25.9914   -5.64254e-05
        26.0368   -5.63995e-05
        26.0686   -5.63727e-05
        26.1221   -5.63118e-05
        26.1843   -5.62165e-05
        26.2229   -5.61443e-05
        26.4185   -5.56293e-05
        26.4562   -5.55021e-05
        26.4923   -5.53723e-05
        26.4931   -5.53692e-05
        26.6236   -5.48349e-05
        26.7377   -5.42873e-05
        26.8383   -5.37452e-05
        26.8329   -5.37754e-05
        26.9272   -5.32212e-05
        27.0027   -5.27452e-05
        27.0287   -5.25754e-05
        27.0625    -5.2349e-05
        27.2962   -5.06402e-05
        27.3292   -5.03799e-05
        27.3709   -5.00445e-05
        27.5227   -4.87653e-05
        27.5395   -4.86186e-05
        27.5532   -4.84977e-05
        27.6393   -4.77256e-05
        27.7923   -4.62907e-05
        27.8241   -4.59839e-05
        27.9589   -4.46488e-05
        28.0522   -4.36956e-05
        28.0547   -4.36701e-05
        28.2868   -4.12108e-05
         28.288   -4.11975e-05
        28.2831   -4.12509e-05
        28.3266   -4.07779e-05
        28.5913   -3.78329e-05
         28.608   -3.76429e-05
        28.6267    -3.7431e-05
         28.759   -3.59184e-05
         28.899   -3.43015e-05
        28.9749   -3.34194e-05
        29.0225   -3.28656e-05
        29.1398   -3.14955e-05
        29.1995   -3.07976e-05
        29.2408    -3.0315e-05
        29.3327   -2.92418e-05
        29.5096   -2.71819e-05
         29.698   -2.50082e-05
           29.7   -2.49846e-05
        29.7322   -2.46163e-05
        29.7714   -2.41683e-05
        29.8292   -2.35109e-05
        30.0769   -2.07394e-05
        30.1584   -1.98456e-05
        30.2331   -1.90356e-05
        30.2656   -1.86853e-05
        30.4633   -1.65994e-05
        30.4971   -1.62499e-05
        30.5299   -1.59128e-05
        30.7435   -1.37735e-05
        30.8428   -1.28125e-05
        30.8453   -1.27889e-05
        30.8592   -1.26564e-05
        31.2031   -9.52643e-06
        31.2634   -9.00787e-06
        31.2647   -8.99737e-06
        31.2979   -8.71615e-06
        31.4296   -7.63081e-06
        31.5704   -6.52261e-06
        31.6797   -5.70045e-06
        31.7929   -4.88431e-06
        31.9472   -3.83167e-06
        32.0259   -3.32176e-06
        32.0755   -3.00938e-06
        32.1042   -2.83137e-06
        32.3336    -1.4993e-06
         32.332    -1.5083e-06
        32.5383   -4.40174e-07
        32.6317    2.43739e-09
        32.7296    4.39574e-07
        32.8626    9.89824e-07
        32.8806     1.0605e-06
         32.982     1.4415e-06
         33.135    1.96275e-06
        33.2471    2.30398e-06
        33.4352    2.80246e-06
        33.4387    2.81096e-06
        33.5501     3.0623e-06
        33.6592    3.27872e-06
         33.872    3.61866e-06
        33.8979    3.65289e-06
        33.9746    3.74543e-06
        34.0064    3.77991e-06
        34.3701    4.02423e-06
        34.4087    4.03475e-06
        34.4654    4.04516e-06
        34.5064    4.04904e-06
        34.5836    4.04822e-06
        34.8523    3.96763e-06
        34.8519    3.96784e-06
        35.1504     3.7522e-06
        35.1703    3.73362e-06
        35.2811    3.62146e-06
        35.3055    3.59482e-06
        35.3433    3.55233e-06
         35.537    3.31104e-06
        35.5417    3.30463e-06
         35.556     3.2853e-06
        35.5799    3.25266e-06
        35.6133    3.20612e-06
        35.6562    3.14489e-06
        35.7087      3.068e-06
        35.7707    2.97437e-06
        35.7682    2.97815e-06
        35.7666    2.98067e-06
        35.8039    2.92304e-06
        35.8423    2.86287e-06
        35.8442    2.85987e-06
        35.9234    2.73236e-06
         36.014     2.5818e-06
        36.1142     2.4103e-06
        36.1064    2.42385e-06
        36.2239    2.21723e-06
        36.2405    2.18757e-06
        36.3431    2.00228e-06
        36.3546    1.98144e-06
        36.3724    1.94883e-06
        36.4719    1.76558e-06
         36.467    1.77472e-06
        36.6103    1.50777e-06
        36.7223    1.29752e-06
        36.7582     1.2301e-06
        36.8745     1.0114e-06
        36.9156    9.34448e-07
        36.9412    8.86563e-07
        36.9878    7.99458e-07
        37.0825    6.23456e-07
        37.1396    5.18221e-07
        37.2136    3.82843e-07
         37.259    3.00508e-07
         37.404    4.17136e-08
        37.4451   -3.02338e-08
        37.6127   -3.17154e-07
        37.6407    -3.6384e-07
        37.7145   -4.85385e-07
        37.7855    -5.9966e-07
        37.8218   -6.57051e-07
        37.8458   -6.94665e-07
        37.9431   -8.43806e-07
        38.0605   -1.01642e-06
        38.2249   -1.24404e-06
        38.2472   -1.27342e-06
        38.2847   -1.32231e-06
        38.4917   -1.57477e-06
        38.5184   -1.60516e-06
        38.5135   -1.59959e-06
        38.6394   -1.73622e-06
        38.7449   -1.84167e-06
        38.7617   -1.85766e-06
        38.8911   -1.97385e-06
        39.0145   -2.07255e-06
        39.0498    -2.0986e-06
        39.2147   -2.20743e-06
        39.2777   -2.24337e-06
        39.2769   -2.24292e-06
        39.2744   -2.24157e-06
        39.2825   -2.24597e-06
        39.2968   -2.25364e-06
        39.3206   -2.26608e-06
         39.354   -2.28274e-06
         39.397   -2.30287e-06
        39.4494   -2.32552e-06
        39.5114   -2.34952e-06
        39.5028   -2.34636e-06
        39.5488   -2.36252e-06
        39.5447   -2.36114e-06
         39.583   -2.37349e-06
        39.6175   -2.38362e-06
        39.6641   -2.39587e-06
        39.7547   -2.41491e-06
        39.8135   -2.42393e-06
        39.8302   -2.42602e-06
        39.8549   -2.42873e-06
        39.9255   -2.43395e-06
        39.9646   -2.43526e-06
        40.0839   -2.43238e-06
        40.1212   -2.42938e-06
        40.1947    -2.4206e-06
        40.2127   -2.41788e-06
        40.2077   -2.41865e-06
         40.351   -2.38954e-06
         40.362   -2.38673e-06
        40.3758   -2.38311e-06
        40.4217    -2.3701e-06
        40.4989    -2.3452e-06
        40.6458   -2.28744e-06
        40.6563   -2.28279e-06
        40.7318   -2.24756e-06
        40.7814   -2.22261e-06
        40.8233   -2.20046e-06
        40.8804   -2.16871e-06
        40.9202   -2.14551e-06
        40.9998   -2.09663e-06
        41.0514   -2.06317e-06
        41.1858   -1.97005e-06
        41.2583   -1.91637e-06
        41.3814   -1.81997e-06
        41.3806   -1.82064e-06
        41.3756   -1.82462e-06
        41.3777   -1.82296e-06
        41.4878   -1.73174e-06
        41.5625   -1.66731e-06
        41.5865   -1.64618e-06
        41.7193   -1.52594e-06
        41.8012   -1.44908e-06
        41.9835   -1.27166e-06
        42.0254   -1.22984e-06
        42.0675   -1.18741e-06
         42.065   -1.18991e-06
         42.115   -1.13911e-06
        42.1503   -1.10299e-06
        42.2591   -9.90381e-07
        42.2542   -9.95524e-07
        42.4253   -8.15531e-07
        42.5024   -7.33474e-07
        42.5989   -6.30369e-07
        42.6518   -5.73707e-07
        42.7552   -4.62752e-07
        42.7926   -4.22726e-07
         42.864   -3.46302e-07
        42.9554   -2.48728e-07
        43.0176   -1.82703e-07
        43.0519   -1.46418e-07
        43.1694   -2.29788e-08
        43.2238    3.35678e-08
        43.2481    5.86753e-08
        43.2895    1.01373e-07
        43.5558    3.68673e-07
         43.571    3.83444e-07
        43.6225    4.33319e-07
        43.6662    4.75227e-07
        43.8539     6.4959e-07
         43.862    6.56868e-07
        43.8583    6.53529e-07
        43.9518    7.36735e-07
         43.963    7.46591e-07
        44.1625    9.14571e-07
        44.3572    1.06596e-06
        44.3865    1.08757e-06
        44.3905    1.09046e-06
        44.4726    1.14925e-06
        44.4693    1.14694e-06
        44.5022     1.1699e-06
        44.7723    1.34209e-06
        44.7922    1.35364e-06
        44.8837    1.40467e-06
        45.0942    1.50874e-06
        45.1213    1.52079e-06
        45.1164    1.51862e-06
        45.1558    1.53564e-06
         45.168     1.5408e-06
        45.1968    1.55266e-06
          45.46    1.64439e-06
        45.6309    1.68772e-06
        45.7286    1.70672e-06
        45.8082    1.71911e-06
        45.8188    1.72055e-06
        45.8139    1.71989e-06
        45.8558    1.72519e-06
        45.9551    1.73472e-06
        46.0745    1.74055e-06
         46.166    1.74089e-06
        46.3726    1.72878e-06
        46.4915    1.71389e-06
        46.5277    1.70823e-06
        46.5333    1.70731e-06
        46.6047    1.69449e-06
        46.7592    1.66004e-06
        46.7518     1.6619e-06
        46.7639    1.65884e-06
        46.7537    1.66143e-06
        46.7782    1.65516e-06
        46.8021    1.64888e-06
        46.8355    1.63973e-06
        46.8784    1.62737e-06
        46.9102     1.6178e-06
        46.9309    1.61136e-06
        46.9929     1.5912e-06
        46.9904    1.59203e-06
        47.0261    1.57985e-06
        47.0645     1.5663e-06
        47.1456    1.53599e-06
        47.1736    1.52501e-06
        47.2362     1.4996e-06
        47.2966    1.47392e-06
        47.3364    1.45638e-06
        47.3632     1.4443e-06
        47.4461    1.40561e-06
        47.4627    1.39762e-06
        47.5653    1.34656e-06
        47.5579    1.35033e-06
        47.6941    1.27855e-06
        47.6925    1.27944e-06
        47.6892    1.28123e-06
        47.7029    1.27374e-06
        47.8325    1.20096e-06
        47.8653    1.18191e-06
        47.9445    1.13497e-06
        47.9804    1.11329e-06
         48.098    1.04042e-06
        48.1378    1.01517e-06
        48.1312    1.01937e-06
        48.3047    9.06406e-07
        48.3618    8.68247e-07
        48.3737    8.60272e-07
        48.4358    8.18103e-07
        48.4812    7.87008e-07
         48.513     7.6512e-07
        48.5665    7.27954e-07
        48.6673    6.57249e-07
        48.6618    6.61139e-07
        48.8629    5.17691e-07
        48.9088    4.84609e-07
        48.9375    4.63811e-07
        48.9367    4.64405e-07
         49.044    3.86664e-07
         49.068    3.69214e-07
        49.1989    2.73955e-07
        49.2827    2.13053e-07
        49.2773    2.16938e-07
        49.3716    1.48454e-07
        49.4471    9.38357e-08
        49.5069    5.08115e-08
        49.6301   -3.73985e-08
        49.6959   -8.39934e-08
        49.7406   -1.15521e-07
        49.7357   -1.12052e-07
        49.8153    -1.6775e-07
        49.9671   -2.72189e-07
        49.9839   -2.83571e-07
        49.9976   -2.92864e-07
        50.0337    -3.1718e-07
        50.2367   -4.50599e-07
        50.2685    -4.7092e-07
        50.4369   -5.75984e-07
        50.4991   -6.13525e-07
        50.4966   -6.12048e-07
        50.4925   -6.09586e-07
        50.6081   -6.77585e-07
        50.7312   -7.47154e-07
        50.7275   -7.45108e-07
         50.771   -7.68979e-07
        50.8781   -8.26009e-07
        51.0357   -9.05274e-07
        51.0524   -9.13375e-07
        51.1477    -9.5809e-07
        51.2034   -9.83248e-07
        51.2987   -1.02443e-06
        51.3434   -1.04299e-06
        51.4669   -1.09151e-06
        51.5842   -1.13392e-06
        51.5955    -1.1378e-06
        51.6439   -1.15408e-06
        51.6852   -1.16745e-06
         51.732   -1.18202e-06
         51.868   -1.22101e-06
         51.954     -1.243e-06
        52.1144   -1.27843e-06
        52.1424   -1.28386e-06
        52.1766    -1.2902e-06
        52.2158   -1.29706e-06
        52.2736   -1.30636e-06
        52.3703   -1.31979e-06
         52.375   -1.32038e-06
        52.3893   -1.32212e-06
        52.4132   -1.32489e-06
        52.4466    -1.3285e-06
        52.4895   -1.33268e-06
         52.542   -1.33706e-06
        52.6028   -1.34116e-06
         52.604   -1.34124e-06
        52.5954   -1.34072e-06
        52.5978   -1.34087e-06
        52.5925   -1.34054e-06
        52.6756    -1.3447e-06
        52.6775   -1.34477e-06
          52.71   -1.34585e-06
        52.7567   -1.34688e-06
        52.8473   -1.34713e-06
        52.9415   -1.34497e-06
        52.9475   -1.34475e-06
        52.9397   -1.34504e-06
        52.9743   -1.34365e-06
        53.0572   -1.33899e-06
        53.1764   -1.32903e-06
        53.1879   -1.32788e-06
        53.2897   -1.31608e-06
        53.2872    -1.3164e-06
        53.3052   -1.31404e-06
        53.3372   -1.30965e-06
        53.4436   -1.29316e-06
        53.4683   -1.28891e-06
        53.5915   -1.26551e-06
         53.599   -1.26396e-06
        53.6475   -1.25365e-06
        53.7078   -1.24003e-06
        53.7489   -1.23027e-06
        53.7423   -1.23186e-06
        53.7745     -1.224e-06
         53.874   -1.19816e-06
        53.9158   -1.18663e-06
        54.0148   -1.15787e-06
        54.0923   -1.13387e-06
        54.0862   -1.13582e-06
        54.2373   -1.08572e-06
        54.2784   -1.07134e-06
        54.3508   -1.04519e-06
        54.3916   -1.03004e-06
        54.4703   -1.00001e-06
         54.474   -9.98567e-07
        54.5199   -9.80515e-07
        54.6188   -9.40414e-07
        54.6151   -9.41942e-07
        54.6791   -9.15218e-07
         54.778   -8.72681e-07
        54.7764     -8.734e-07
        54.8447   -8.43252e-07
        54.8938   -8.21177e-07
        55.0761   -7.36543e-07
         55.118   -7.16566e-07
         55.174   -6.89545e-07
        55.2429    -6.5586e-07
         55.307   -6.24145e-07
         55.325   -6.15164e-07
        55.3517   -6.01784e-07
        55.4727   -5.40514e-07
        55.5794   -4.85594e-07
         55.595   -4.77539e-07
        55.6127   -4.68358e-07
        55.6407   -4.53762e-07
        55.6915   -4.27251e-07
        55.8478   -3.44872e-07
        55.8831   -3.26165e-07
        55.9945   -2.66928e-07
        56.1102   -2.05179e-07
        56.1036   -2.08692e-07
        56.1445   -1.86863e-07
        56.3164   -9.51635e-08
        56.3361   -8.46577e-08
        56.3821   -6.02212e-08
        56.3902    -5.5898e-08
         56.419   -4.06302e-08
        56.4508   -2.38188e-08
        56.6635    8.78766e-08
        56.6759    9.42902e-08
        56.8531    1.85439e-07
        56.9098    2.14144e-07
        56.9508    2.34784e-07
        56.9545    2.36638e-07
         57.028    2.73219e-07
        57.0556    2.86867e-07
        57.1773    3.46157e-07
        57.2091    3.61389e-07
         57.255    3.83267e-07
        57.2967     4.0292e-07
        57.5651    5.24689e-07
        57.5948    5.37622e-07
        57.6147    5.46228e-07
        57.7255    5.93165e-07
        57.7206     5.9111e-07
        57.7499    6.03288e-07
        57.8847    6.57622e-07
        57.9814     6.9492e-07
         57.974    6.92114e-07
        57.9861    6.96724e-07
        57.9763    6.92988e-07
        58.0004    7.02116e-07
        58.0243     7.1103e-07
        58.0577    7.23361e-07
        58.1006    7.38954e-07
        58.0916    7.35693e-07
        58.1531    7.57608e-07
        58.2151    7.79072e-07
        58.2126    7.78231e-07
         58.211    7.77669e-07
        58.2139    7.78652e-07
        58.2483     7.9031e-07
        58.2867     8.0304e-07
        58.3678    8.29149e-07
        58.4584    8.56973e-07
        58.5526    8.84336e-07
        58.5586    8.86026e-07
        58.5508    8.83825e-07
        58.6683    9.15752e-07
        58.6849     9.2006e-07
        58.7875    9.45529e-07
        58.7801    9.43759e-07
        58.7748    9.42474e-07
        58.8168    9.52431e-07
        58.9008    9.71318e-07
        58.9163    9.74667e-07
        58.9114    9.73609e-07
        58.9065    9.72546e-07
        58.9836    9.88621e-07
        59.0547    1.00241e-06
        59.1667    1.02213e-06
        59.2026    1.02792e-06
        59.2586    1.03646e-06
          59.36    1.05034e-06
        59.3856    1.05352e-06
        59.4322    1.05897e-06
        59.5269    1.06872e-06
         59.584    1.07373e-06
        59.5959    1.07469e-06
        59.6259    1.07699e-06
         59.658    1.07925e-06
        59.7034     1.0821e-06
        59.8386    1.08814e-06
        59.8462    1.08838e-06
        59.8895    1.08948e-06
        59.8852    1.08939e-06
        60.0027    1.09062e-06
        60.0571    1.09027e-06
        60.0851    1.08986e-06
        60.1589    1.08806e-06
        60.2299    1.08534e-06
        60.2662    1.08357e-06
        60.2902    1.08227e-06
        60.3891    1.07573e-06
        60.4211    1.07322e-06
        60.5049    1.06575e-06
        60.6693    1.04733e-06
        60.6916    1.04447e-06
        60.7291    1.03944e-06
        60.7851    1.03147e-06
        60.7955    1.02993e-06
        60.7963     1.0298e-06
        60.9119    1.01141e-06
        60.9628    1.00259e-06
        60.9579    1.00347e-06
        61.0838    9.79908e-07
        61.1893    9.58192e-07
        61.1905    9.57928e-07
        61.2061    9.54578e-07
        61.2559    9.43583e-07
        61.3355    9.25237e-07
        61.4589    8.94957e-07
        61.6056    8.56162e-07
        61.6591    8.41272e-07
        61.7213    8.23512e-07
        61.7188    8.24226e-07
         61.717    8.24749e-07
        61.7543    8.13867e-07
        61.9472    7.54958e-07
        61.9932     7.4028e-07
        61.9891    7.41602e-07
        61.9947    7.39776e-07
        62.0301    7.28321e-07
        62.1003      7.052e-07
        62.2579    6.51455e-07
        62.2746    6.45593e-07
        62.3699    6.11837e-07
        62.4642    5.77643e-07
        62.5656    5.40107e-07
        62.6521    5.07498e-07
        62.6472    5.09371e-07
        62.7227    4.80537e-07
        62.8064     4.4816e-07
        62.8202    4.42811e-07
        62.8661    4.24834e-07
        62.9078    4.08437e-07
        62.9542    3.90132e-07
        63.0902    3.35834e-07
        63.0871    3.37056e-07
        63.1762    3.01155e-07
        63.3248    2.40809e-07
         63.361    2.26005e-07
        63.3646     2.2456e-07
        63.4958    1.70833e-07
         63.587    1.33463e-07
        63.7006    8.68639e-08
        63.7027    8.60217e-08
         63.825    3.60066e-08
          63.82    3.80205e-08
        63.8237    3.65101e-08
        63.8176    3.90275e-08
        63.9322   -7.65296e-09
        64.0069   -3.78969e-08
        64.1637   -1.00828e-07
        64.1891   -1.10948e-07
         64.296   -1.53219e-07
        64.5119   -2.36852e-07
        64.5094   -2.35911e-07
        64.5362   -2.46118e-07
        64.5594    -2.5491e-07
        64.5947   -2.68222e-07
        64.6881   -3.03041e-07
        64.6905   -3.03953e-07
        64.6986    -3.0693e-07
        64.7778   -3.35931e-07
        64.8697   -3.68975e-07
        65.0962   -4.47462e-07
         65.237    -4.9391e-07
        65.2691   -5.04248e-07
        65.3084    -5.1672e-07
        65.3006   -5.14249e-07
        65.3998   -5.45181e-07
        65.4951   -5.73876e-07
        65.4963   -5.74241e-07
         65.573   -5.96627e-07
        65.6138   -6.08257e-07
        65.6925   -6.30133e-07
        65.6851   -6.28105e-07
          65.77      -6.51e-07
        66.0002   -7.08612e-07
        66.0669   -7.24038e-07
        66.1106   -7.33857e-07
        66.2804   -7.69576e-07
        66.2983   -7.73106e-07
        66.3962    -7.9169e-07
        66.4074   -7.93745e-07
        66.4216   -7.96301e-07
        66.4651   -8.03987e-07
        66.4634   -8.03701e-07
        66.6916   -8.39722e-07
        66.8016   -8.54455e-07
        66.8004   -8.54299e-07
        66.8309   -8.58082e-07
        66.8349   -8.58562e-07
        66.9137   -8.67664e-07
        67.2167   -8.94263e-07
        67.3299   -9.00766e-07
        67.3332   -9.00927e-07
         67.338   -9.01158e-07
        67.3281   -9.00677e-07
        67.3523   -9.01829e-07
        67.3761   -9.02882e-07
        67.3667   -9.02474e-07
        67.4095   -9.04216e-07
        67.4525   -9.05693e-07
        67.4414   -9.05337e-07
        67.5049   -9.07134e-07
        67.5386   -9.07847e-07
        67.5608   -9.08227e-07
        67.5669    -9.0832e-07
        67.5521   -9.08088e-07
        67.6124   -9.08836e-07
        67.6385   -9.08997e-07
        67.6412   -9.09008e-07
        67.7196   -9.08871e-07
        67.7077   -9.08949e-07
        67.8102   -9.07613e-07
         67.869   -9.06172e-07
        67.9104   -9.04861e-07
        68.0201   -9.00223e-07
        68.0753   -8.97254e-07
        68.1394   -8.93279e-07
         68.173   -8.90967e-07
        68.2682    -8.8359e-07
        68.2583   -8.84412e-07
        68.2778   -8.82776e-07
        68.3002   -8.80835e-07
        68.3995   -8.71411e-07
        68.4065   -8.70699e-07
        68.4175   -8.69563e-07
        68.4288   -8.68385e-07
        68.5189   -8.58369e-07
        68.5544   -8.54142e-07
        68.6922   -8.36197e-07
        68.7118   -8.33457e-07
        68.7333   -8.30398e-07
         68.817   -8.17929e-07
        68.8788   -8.08192e-07
        68.9721   -7.92626e-07
        68.9757   -7.92017e-07
        69.0491   -7.79037e-07
        69.0553   -7.77919e-07
        69.1962   -7.51247e-07
        69.1985   -7.50793e-07
        69.1981   -7.50874e-07
        69.2413   -7.42247e-07
        69.4348   -7.01291e-07
        69.4369   -7.00835e-07
        69.4258   -7.03288e-07
        69.4705    -6.9333e-07
        69.5433   -6.76719e-07
         69.642   -6.53414e-07
        69.7684   -6.22306e-07
        69.8076   -6.12398e-07
        69.8567   -5.99796e-07
        69.8419   -6.03615e-07
        69.9071   -5.86656e-07
        70.0023   -5.61304e-07
        70.0809   -5.39898e-07
        70.1205    -5.2893e-07
        70.1336   -5.25289e-07
        70.1287   -5.26664e-07
        70.1473   -5.21452e-07
        70.3146   -4.73758e-07
        70.3889   -4.52049e-07
        70.4323   -4.39214e-07
        70.5579   -4.01553e-07
        70.5756   -3.96189e-07
        70.7073    -3.5582e-07
        70.8062   -3.25033e-07
        70.8107   -3.23618e-07
        70.8181   -3.21325e-07
        70.8131    -3.2287e-07
        70.8802   -3.01779e-07
        71.0011   -2.63473e-07
        71.0731   -2.40454e-07
        71.0684   -2.41955e-07
        71.1062   -2.29853e-07
        71.3036   -1.66183e-07
         71.345   -1.52751e-07
        71.3532   -1.50111e-07
        71.3811   -1.41041e-07
        71.4484   -1.19203e-07
        71.4884   -1.06223e-07
        71.6265   -6.13887e-08
        71.6433   -5.59196e-08
        71.8674    1.64742e-08
        71.8915    2.42442e-08
        71.9094    2.99726e-08
        71.9175    3.25575e-08
        72.0177    6.45968e-08
        72.0745    8.26523e-08
        72.1403     1.0342e-07
        72.1801    1.15939e-07
        72.1698    1.12711e-07
         72.218    1.27815e-07
        72.4115    1.87636e-07
        72.4781    2.07883e-07
         72.474    2.06639e-07
        72.5248    2.21938e-07
         72.528    2.22926e-07
        72.8477    3.16258e-07
        72.8813     3.2575e-07
         72.941     3.4243e-07
        72.9369    3.41288e-07
        72.9443    3.43342e-07
        72.9311    3.39688e-07
        72.9491    3.44664e-07
        72.9634    3.48621e-07
        72.9872    3.55187e-07
        72.9765    3.52249e-07
        73.0206    3.64319e-07
        73.0636     3.7595e-07
        73.0525    3.72954e-07
         73.116    3.89999e-07
        73.1497    3.98905e-07
         73.178    4.06355e-07
        73.1768    4.06032e-07
         73.178    4.06355e-07
        73.2496    4.24887e-07
        73.3307    4.45433e-07
        73.3225    4.43372e-07
        73.3307    4.45433e-07
         73.348    4.49765e-07
        73.4213    4.67801e-07
        73.4801    4.81949e-07
        73.5155    4.90354e-07
        73.5215    4.91768e-07
        73.5092     4.8886e-07
        73.5921    5.08157e-07
        73.6312    5.17069e-07
        73.7431    5.41808e-07
        73.7505    5.43406e-07
        73.7841     5.5061e-07
        73.8637    5.67254e-07
        73.8793    5.70436e-07
        73.9449    5.83629e-07
        74.0176    5.97773e-07
        74.0045     5.9525e-07
        74.0286    5.99873e-07
        74.0399    6.02009e-07
        74.1655    6.24986e-07
        74.1764    6.26901e-07
        74.2215    6.34737e-07
        74.3124    6.49898e-07
        74.3229      6.516e-07
        74.4281    6.67996e-07
        74.4899    6.77095e-07
        74.5359    6.83612e-07
        74.5588    6.86783e-07
        74.5539    6.86106e-07
        74.5868    6.90572e-07
        74.5888    6.90847e-07
        74.6664    7.00909e-07
        74.8524     7.2244e-07
        74.9228    7.29619e-07
        74.9657    7.33725e-07
        75.0422    7.40565e-07
         75.048    7.41054e-07
        75.0398    7.40355e-07
         75.048    7.41054e-07
        75.0369    7.40109e-07
        75.0816    7.43836e-07
        75.0873    7.44293e-07
        75.1544    7.49431e-07
        75.2531    7.56089e-07
        75.3521    7.61688e-07
        75.3841    7.63267e-07
        75.4678    7.66867e-07
        75.6081    7.71168e-07
         75.692    7.72706e-07
        75.7316    7.73164e-07
        75.7447    7.73277e-07
         75.748    7.73302e-07
        75.7332    7.73178e-07
        75.7816    7.73496e-07
        75.9127    7.73073e-07
        75.9103    7.73098e-07
        75.9257    7.72929e-07
        76.0434    7.70799e-07
        76.1535    7.67463e-07
         76.169    7.66888e-07
        76.1797    7.66478e-07
        76.2189    7.64872e-07
        76.3184    7.60066e-07
        76.4218    7.53977e-07
        76.4173    7.54266e-07
        76.4218    7.53977e-07
        76.5306    7.46394e-07
        76.5685    7.43469e-07
        76.6842    7.33652e-07
        76.6719    7.34762e-07
        76.7952    7.22996e-07
        76.9147    7.10211e-07
        76.9073    7.11043e-07
        76.9561    7.05459e-07
        76.9401    7.07317e-07
         76.993    7.01091e-07
        77.0632    6.92448e-07
        77.0595    6.92915e-07
        77.0995    6.87804e-07
        77.2376    6.69053e-07
        77.2891    6.61636e-07
        77.2817    6.62717e-07
        77.4271    6.40639e-07
        77.5205    6.25558e-07
        77.5286    6.24223e-07
        77.6873    5.96908e-07
        77.7452    5.86471e-07
        77.7912     5.7801e-07
        77.8291    5.70918e-07
        77.8708    5.63002e-07
        77.9171     5.5407e-07
        77.9138    5.54709e-07
        78.0571    5.26197e-07
        78.0851    5.20461e-07
        78.1359    5.09957e-07
        78.1391     5.0927e-07
        78.1565    5.05638e-07
         78.324    4.69685e-07
        78.3931    4.54375e-07
        78.4588    4.39616e-07
        78.4924    4.31967e-07
        78.5889    4.09723e-07
        78.7608     3.6905e-07
        78.7805      3.643e-07
        78.7879    3.62516e-07
        78.7867    3.62813e-07
        78.7879    3.62516e-07
        78.8346      3.512e-07
         78.828    3.52799e-07
        78.9299    3.27881e-07
        79.1266    2.78766e-07
        79.1203    2.80365e-07
        79.2032     2.5935e-07
        79.2589    2.45118e-07
        79.3952    2.10055e-07
        79.3825    2.13349e-07
        79.4748    1.89413e-07
           79.5    1.82867e-07
        79.5141    1.79184e-07
        79.6217    1.51094e-07
        79.6535    1.42782e-07
        79.7407    1.19892e-07
        79.8326    9.57494e-08
        79.9235    7.18481e-08
        79.9204    7.26481e-08
        79.9555    6.34345e-08
        80.0392    4.14305e-08
         80.165    8.45346e-09
        80.1999   -6.88864e-10
        80.2321   -9.08884e-09
        80.4184   -5.74753e-08
        80.4258   -5.93862e-08
        80.4305   -6.06174e-08
        80.4207   -5.80701e-08
        80.4448   -6.43082e-08
        80.4687   -7.04511e-08
        80.5021   -7.90322e-08
         80.545   -9.00309e-08
         80.536   -8.77168e-08
        80.5768    -9.8138e-08
        80.5975   -1.03418e-07
         80.618   -1.08626e-07
        80.6595   -1.19154e-07
        80.6533   -1.17594e-07
        80.6447   -1.15407e-07
        80.6927   -1.27546e-07
        80.7311   -1.37188e-07
         80.733   -1.37663e-07
        80.8122   -1.57451e-07
        80.9028   -1.79859e-07
        80.9632   -1.94633e-07
         81.003   -2.04305e-07
        80.9906   -2.01314e-07
        81.0224      -2.09e-07
        81.1127   -2.30658e-07
        81.2245   -2.57032e-07
        81.2319   -2.58758e-07
        81.2192   -2.55783e-07
        81.2434   -2.61421e-07
        81.3558   -2.87294e-07
        81.3607   -2.88416e-07
        81.3591   -2.88042e-07
        81.3509   -2.86171e-07
        81.3591   -2.88042e-07
        81.3927   -2.95666e-07
         81.428   -3.03604e-07
        81.4991   -3.19406e-07
         81.647   -3.51464e-07
        81.7646   -3.76118e-07
        81.7633   -3.75864e-07
        81.7646   -3.76118e-07
        81.7848   -3.80281e-07
        81.8044   -3.84285e-07
         81.863    -3.9615e-07
        81.9713   -4.17523e-07
        82.0284   -4.28495e-07
        82.0403   -4.30747e-07
        82.0353    -4.2981e-07
        82.1478   -4.50783e-07
        82.1417   -4.49654e-07
        82.1339   -4.48221e-07
        82.1796   -4.56552e-07
        82.2928   -4.76583e-07
         82.283   -4.74872e-07
        82.2906   -4.76199e-07
        82.3339   -4.83627e-07
        82.3296   -4.82899e-07
        82.5295   -5.15573e-07
        82.6041   -5.27044e-07
        82.7106    -5.4268e-07
        82.7346   -5.46091e-07
        82.8319    -5.5946e-07
        82.8655   -5.63913e-07
        82.9002   -5.68405e-07
        82.9493   -5.74615e-07
        82.9344   -5.72763e-07
        83.0382   -5.85385e-07
        83.0896    -5.9131e-07
        83.1176   -5.94459e-07
        83.1735   -6.00539e-07
        83.2407    -6.0753e-07
        83.2399   -6.07447e-07
        83.2549   -6.08953e-07
        83.3563   -6.18673e-07
        83.3805   -6.20865e-07
        83.4023     -6.228e-07
        83.4072   -6.23233e-07
        83.4819   -6.29532e-07
        83.6505   -6.42041e-07
        83.6682   -6.43214e-07
        83.7003    -6.4528e-07
        83.9033   -6.56301e-07
        83.9351   -6.57708e-07
        83.9386    -6.5786e-07
        84.1035   -6.63739e-07
        84.0936   -6.63453e-07
        84.1657   -6.65355e-07
        84.1533   -6.65061e-07
        84.1614   -6.65254e-07
        84.1987    -6.6608e-07
        84.3978   -6.68484e-07
        84.3854   -6.68433e-07
        84.3817   -6.68415e-07
        84.4376   -6.68563e-07
        84.4457   -6.68562e-07
        84.4391   -6.68563e-07
        84.5063   -6.68384e-07
        84.5447   -6.68111e-07
         84.719   -6.65321e-07
        84.8143   -6.62733e-07
          84.87   -6.60871e-07
          85.01   -6.55084e-07
        85.0835   -6.51416e-07
        85.0916   -6.50983e-07
        85.1671   -6.46716e-07
        85.2328   -6.42638e-07
        85.2267   -6.43035e-07
        85.2624   -6.40696e-07
        85.3105    -6.3738e-07
        85.3518   -6.34398e-07
        85.3986   -6.30867e-07
        85.5346   -6.19646e-07
        85.5255   -6.20435e-07
        85.5315   -6.19912e-07
        85.6206   -6.11842e-07
        85.6702   -6.07098e-07
        85.6554   -6.08532e-07
        85.8432   -5.89183e-07
        85.9402    -5.7822e-07
        86.0295    -5.6758e-07
        86.0314   -5.67349e-07
         86.145   -5.53025e-07
        86.2644   -5.37092e-07
         86.262    -5.3743e-07
        86.2694   -5.36415e-07
        86.2665    -5.3681e-07
        86.3095   -5.30849e-07
        86.3441   -5.25982e-07
        86.4406   -5.12001e-07
        86.6081   -4.86492e-07
        86.6335   -4.82485e-07
        86.6752   -4.75836e-07
        86.8356   -4.49412e-07
        86.8545   -4.46226e-07
        86.8723   -4.43191e-07
        86.9563   -4.28707e-07
        86.9386   -4.31784e-07
        86.9806   -4.24447e-07
        87.0038   -4.20363e-07
        87.1349    -3.9683e-07
        87.1325    -3.9728e-07
        87.3141   -3.63523e-07
        87.3744    -3.5202e-07
        87.4019   -3.46742e-07
        87.4877   -3.30091e-07
        87.6284   -3.02254e-07
        87.6514   -2.97657e-07
        87.6814   -2.91621e-07
        87.7528   -2.77166e-07
         87.745   -2.78754e-07
        87.8344   -2.60481e-07
        87.9039   -2.46124e-07
        87.9395    -2.3875e-07
        88.0174   -2.22476e-07
        88.0582   -2.13914e-07
        88.1126   -2.02455e-07
        88.1295   -1.98891e-07
        88.2314   -1.77255e-07
        88.4446   -1.31543e-07
         88.443   -1.31897e-07
        88.4766   -1.24647e-07
        88.5113   -1.17175e-07
        88.5038   -1.18773e-07
        88.7471   -6.61419e-08
        88.8406   -4.58796e-08
        88.8258   -4.90862e-08
         88.866   -4.03749e-08
        88.9095   -3.09562e-08
        88.9078   -3.13121e-08
        88.9916   -1.32087e-08
        89.0031   -1.07215e-08
         89.136    1.79121e-08
         89.246    4.14932e-08
        89.2793    4.85855e-08
        89.3114    5.54356e-08
         89.391      7.233e-08
        89.5497    1.05682e-07
        89.5337    1.02332e-07
        89.6153     1.1934e-07
        89.6611    1.28801e-07
        89.8111    1.59498e-07
        89.8858    1.74567e-07
        89.9965    1.96634e-07
        90.0446    2.06088e-07
        90.0326    2.03748e-07
        90.0568    2.08489e-07
        90.0856     2.1411e-07
        90.1174    2.20278e-07
        90.1521    2.26984e-07
        90.1558    2.27696e-07
        90.1813    2.32609e-07
        90.5197     2.9537e-07
        90.6946    3.26018e-07
        90.7076    3.28258e-07
        90.7222    3.30741e-07
        90.7363    3.33146e-07
        90.8439    3.51134e-07
        90.8455    3.51392e-07
        90.8732    3.55937e-07
        90.9633    3.70468e-07
        91.0097    3.77779e-07
        91.1366     3.9728e-07
        91.1777    4.03406e-07
        91.2491    4.13853e-07
        91.2813    4.18483e-07
        91.3803     4.3234e-07
        91.3692    4.30812e-07
        91.4165    4.37286e-07
        91.6406    4.66195e-07
         91.648    4.67101e-07
        91.6527    4.67683e-07
        91.6429    4.66477e-07
         91.667    4.69421e-07
        91.6909    4.72292e-07
        91.7243    4.76255e-07
        91.7672    4.81253e-07
        91.8197    4.87213e-07
        91.8817    4.94042e-07
        91.8792    4.93775e-07
        91.8702    4.92792e-07
        91.8776    4.93596e-07
        91.8731    4.93105e-07
        91.8776    4.93596e-07
        91.8669    4.92433e-07
        91.9533    5.01631e-07
        92.0344    5.09851e-07
        92.0624    5.12599e-07
         92.125    5.18553e-07
        92.1669    5.22399e-07
        92.2252     5.2757e-07
        92.2128    5.26494e-07
        92.2863    5.32756e-07
        92.3349     5.3671e-07
        92.3515    5.38027e-07
        92.4467     5.4523e-07
        92.4541    5.45765e-07
        92.4834    5.47847e-07
         92.475    5.47257e-07
        92.5829    5.54503e-07
        92.5731    5.53872e-07
        92.5665    5.53448e-07
        92.7213    5.62673e-07
         92.746    5.64001e-07
        92.7541    5.64425e-07
        92.8333    5.68358e-07
        92.8692    5.70001e-07
        92.8767    5.70337e-07
         93.007    5.75519e-07
        93.0266    5.76199e-07
        93.0988    5.78487e-07
        93.1935    5.80959e-07
        93.2625    5.82379e-07
        93.2575    5.82288e-07
        93.3246    5.83387e-07
          93.37    5.83959e-07
        93.4553    5.84662e-07
        93.4455    5.84606e-07
        93.4978    5.84831e-07
        93.5128    5.84862e-07
        93.5561    5.84868e-07
        93.6285    5.84599e-07
        93.7237    5.83718e-07
        93.7105    5.83875e-07
        93.7517    5.83345e-07
        93.7734    5.83021e-07
        93.8255    5.82115e-07
        93.8928    5.80685e-07
        93.9568    5.79051e-07
        94.0877    5.74885e-07
        94.1715    5.71648e-07
        94.1661    5.71868e-07
        94.1566    5.72253e-07
        94.3118    5.65231e-07
        94.3359    5.64001e-07
        94.3582     5.6284e-07
        94.3957     5.6081e-07
        94.4621       5.57e-07
        94.5206    5.53426e-07
        94.6294     5.4623e-07
        94.6142    5.47278e-07
        94.8559    5.29021e-07
        94.8382     5.3047e-07
        94.8727    5.27629e-07
        94.8864    5.26478e-07
        94.9225    5.23401e-07
        94.9184    5.23755e-07
        94.9556    5.20519e-07
        95.0021     5.1636e-07
        94.9898    5.17474e-07
        95.1255    5.04765e-07
        95.3158    4.85298e-07
        95.3879    4.77444e-07
        95.3854    4.77717e-07
        95.3755    4.78807e-07
        95.4209    4.73753e-07
        95.4222    4.73615e-07
        95.6163    4.50871e-07
        95.6598     4.4553e-07
        95.6557    4.46038e-07
        95.7669     4.3202e-07
        95.7924    4.28718e-07
        95.9245    4.11232e-07
        95.9412    4.08957e-07
        95.9536    4.07277e-07
        96.1882    3.74178e-07
        96.2102    3.70973e-07
        96.2322    3.67739e-07
        96.2158    3.70154e-07
        96.3187    3.54877e-07
        96.3333    3.52688e-07
        96.3557    3.49309e-07
        96.3893    3.44196e-07
        96.4489    3.35055e-07
         96.473     3.3131e-07
        96.4846     3.2952e-07
        96.5327    3.21985e-07
        96.6208    3.08043e-07
        96.8428    2.71901e-07
        96.9914    2.47036e-07
        96.9803    2.48912e-07
        96.9983    2.45868e-07
        97.0312    2.40289e-07
        97.1046    2.27753e-07
        97.1624    2.17809e-07
        97.2591    2.01055e-07
        97.2638    2.00224e-07
         97.254    2.01943e-07
        97.2781    1.97728e-07
         97.302    1.93561e-07
        97.3354    1.87712e-07
        97.3783    1.80169e-07
        97.3672    1.82122e-07
        97.4308    1.70913e-07
        97.4513     1.6729e-07
        97.4928    1.59928e-07
        97.4842    1.61461e-07
        97.4916    1.60147e-07
        97.4743    1.63211e-07
        97.5317    1.53013e-07
        97.5644    1.47197e-07
        97.5478    1.50158e-07
        97.5988    1.41046e-07
        97.6455    1.32704e-07
        97.6735    1.27678e-07
        97.6628    1.29595e-07
        97.7361    1.16438e-07
        97.8303    9.94765e-08
        97.8363    9.83934e-08
        97.8631    9.35541e-08
         97.946    7.85725e-08
        98.0652    5.69895e-08
        98.0525    5.92973e-08
        98.1785    3.64855e-08
         98.176     3.6932e-08
         98.194    3.36723e-08
        98.1842    3.54581e-08
        98.1776    3.66488e-08
        98.3324    8.66558e-09
        98.3571    4.19826e-09
        98.3547    4.64329e-09
        98.3652    2.74461e-09
        98.4803   -1.79657e-08
        98.5363    -2.8013e-08
        98.6377   -4.61335e-08
        98.6241   -4.37148e-08
        98.6311    -4.4961e-08
        98.6963   -5.65645e-08
        98.7628   -6.83362e-08
         98.748   -6.57188e-08
        98.8046   -7.57232e-08
        98.8506   -8.38089e-08
        98.9036   -9.30853e-08
        98.9168   -9.53984e-08
        98.9811   -1.06591e-07
        99.0664   -1.21325e-07
        99.1163   -1.29875e-07
        99.1239   -1.31183e-07
        99.1672   -1.38559e-07
        99.2396   -1.50828e-07
        99.2804   -1.57687e-07
        99.3628   -1.71416e-07
        99.3517   -1.69574e-07
        99.3591   -1.70802e-07
        99.3845   -1.75011e-07
        99.4087   -1.79001e-07
        99.5679   -2.04912e-07
        99.6668   -2.20675e-07
         99.726   -2.29978e-07
        99.7826   -2.38758e-07
        99.7772   -2.37932e-07
        99.9649   -2.66424e-07
        99.9509    -2.6434e-07
        100.007   -2.72625e-07
        100.031   -2.76216e-07
        100.063   -2.80829e-07
        100.048   -2.78671e-07
        100.073   -2.82347e-07
        100.132   -2.90777e-07
         100.19   -2.99006e-07
        100.196   -2.99875e-07
         100.24   -3.06141e-07
        100.295   -3.13735e-07
        100.358    -3.2227e-07
        100.468   -3.36873e-07
        100.484   -3.38897e-07
        100.498   -3.40678e-07
         100.58   -3.51245e-07
        100.601   -3.53839e-07
        100.737   -3.70444e-07
        100.838   -3.82285e-07
        100.883   -3.87504e-07
        100.999   -4.00298e-07
        100.992   -3.99587e-07
        101.033   -4.03973e-07
        101.032   -4.03842e-07
        101.205   -4.21579e-07
        101.227   -4.23753e-07
        101.215   -4.22548e-07
        101.271   -4.27944e-07
        101.255    -4.2641e-07
        101.272   -4.28093e-07
        101.308    -4.3143e-07
        101.324   -4.32932e-07
        101.374   -4.37539e-07
        101.552   -4.52844e-07
        101.684   -4.63118e-07
        101.742   -4.67404e-07
        101.799   -4.71402e-07
        101.843   -4.74443e-07
         101.84   -4.74195e-07
        101.827   -4.73337e-07
        101.944   -4.80933e-07
        101.967   -4.82298e-07
        101.959   -4.81799e-07
        101.967   -4.82298e-07
            102   -4.84301e-07
        102.144   -4.92178e-07
        102.186   -4.94265e-07
        102.365   -5.02191e-07
          102.4    -5.0354e-07
        102.454   -5.05492e-07
        102.484   -5.06499e-07
        102.471   -5.06086e-07
        102.489   -5.06667e-07
        102.614   -5.10368e-07
        102.639    -5.1099e-07
        102.626   -5.10676e-07
        102.716    -5.1274e-07
        102.774   -5.13845e-07
        102.865   -5.15229e-07
        102.978   -5.16321e-07
        103.062   -5.16687e-07
        103.103    -5.1673e-07
        103.101    -5.1673e-07
        103.089   -5.16725e-07
        103.081   -5.16718e-07
        103.137   -5.16697e-07
        103.441   -5.13686e-07
        103.435   -5.13798e-07
         103.44   -5.13718e-07
        103.467   -5.13214e-07
        103.474   -5.13071e-07
        103.574   -5.10862e-07
        103.697    -5.0741e-07
         103.79    -5.0432e-07
        103.772   -5.04945e-07
        103.795   -5.04116e-07
          103.8   -5.03937e-07
        103.938   -4.98451e-07
        103.966   -4.97234e-07
        104.056   -4.93032e-07
        104.147   -4.88323e-07
        104.229   -4.83784e-07
        104.242   -4.83034e-07
        104.274   -4.81144e-07
        104.307   -4.79149e-07
        104.473   -4.68405e-07
         104.48   -4.67928e-07
        104.489   -4.67318e-07
        104.515   -4.65486e-07
        104.547    -4.6319e-07
        104.578   -4.60901e-07
        104.735   -4.48832e-07
        104.892   -4.35723e-07
        104.933     -4.321e-07
        104.963   -4.29417e-07
         105.02   -4.24222e-07
        105.048   -4.21625e-07
        105.065   -4.20036e-07
        105.119   -4.14894e-07
        105.155   -4.11378e-07
        105.278   -3.99084e-07
        105.259    -4.0097e-07
        105.379    -3.8857e-07
        105.534   -3.71698e-07
        105.558   -3.68992e-07
        105.562   -3.68558e-07
        105.674   -3.55773e-07
        105.684   -3.54558e-07
        105.699   -3.52811e-07
        105.807   -3.40046e-07
        105.847   -3.35232e-07
        105.905   -3.28052e-07
        105.969   -3.20104e-07
        105.973   -3.19692e-07
        106.079   -3.06163e-07
        106.078   -3.06321e-07
        106.178   -2.93413e-07
        106.367   -2.68229e-07
        106.494     -2.508e-07
        106.548   -2.43371e-07
        106.538   -2.44745e-07
        106.611   -2.34556e-07
        106.608   -2.35018e-07
        106.598   -2.36403e-07
        106.603   -2.35595e-07
         106.59   -2.37441e-07
        106.616   -2.33885e-07
         106.63    -2.3187e-07
        106.654   -2.28504e-07
        106.643   -2.30014e-07
        106.687   -2.23773e-07
         106.73    -2.1766e-07
        106.783   -2.10146e-07
        106.845   -2.01205e-07
         106.83   -2.03345e-07
        106.836   -2.02453e-07
        106.826   -2.03879e-07
        106.916   -1.90813e-07
        106.919   -1.90417e-07
        106.997   -1.78943e-07
        106.985   -1.80694e-07
        107.088   -1.65572e-07
        107.147   -1.56854e-07
        107.188   -1.50676e-07
        107.259   -1.40118e-07
        107.298   -1.34239e-07
        107.353   -1.25929e-07
        107.332   -1.29151e-07
        107.417   -1.16249e-07
         107.41   -1.17369e-07
        107.432   -1.13933e-07
        107.546   -9.67051e-08
        107.612   -8.67097e-08
        107.684   -7.56162e-08
        107.671   -7.76252e-08
        107.695   -7.39329e-08
        107.679   -7.64447e-08
        107.709   -7.18344e-08
        107.707   -7.21736e-08
        107.797   -5.84297e-08
        107.832   -5.30062e-08
        107.931   -3.79009e-08
        107.979    -3.0526e-08
         107.97   -3.19101e-08
         107.99   -2.89155e-08
        108.011   -2.56315e-08
          108.1   -1.20538e-08
        108.156   -3.40406e-09
        108.225    7.09971e-09
         108.25    1.08169e-08
        108.253    1.13548e-08
        108.333    2.34458e-08
        108.519    5.15266e-08
        108.589    6.20755e-08
        108.591    6.23828e-08
        108.715    8.07032e-08
        108.713    8.03987e-08
        108.709    7.98505e-08
        108.697    7.80219e-08
        108.754    8.65164e-08
        108.767    8.85188e-08
        108.821    9.63945e-08
        108.885    1.05757e-07
         108.92     1.1081e-07
            109    1.22453e-07
        109.051    1.29711e-07
        109.046    1.29062e-07
        109.051    1.29711e-07
        109.134    1.41649e-07
         109.12    1.39547e-07
        109.185    1.48779e-07
        109.281    1.62223e-07
        109.359    1.72988e-07
        109.398    1.78426e-07
        109.383    1.76343e-07
        109.448    1.85239e-07
        109.484    1.90013e-07
        109.577    2.02509e-07
        109.592     2.0456e-07
        109.667    2.14331e-07
        109.836    2.36059e-07
        109.846     2.3741e-07
        109.885    2.42326e-07
        109.985    2.54639e-07
         109.97    2.52825e-07
        110.088    2.67147e-07
        110.073    2.65278e-07
        110.091    2.67432e-07
        110.158    2.75375e-07
        110.197    2.79957e-07
        110.213    2.81779e-07
        110.279    2.89336e-07
        110.351    2.97447e-07
        110.331    2.95242e-07
        110.385    3.01251e-07
        110.574    3.21504e-07
        110.581    3.22274e-07
        110.623    3.26553e-07
        110.659    3.30232e-07
         110.64    3.28352e-07
        110.676    3.31943e-07
         110.73    3.37333e-07
        110.904    3.54024e-07
        110.948    3.58071e-07
        110.956    3.58743e-07
        111.145    3.75258e-07
        111.169    3.77269e-07
        111.187    3.78739e-07
        111.195    3.79399e-07
        111.253    3.84092e-07
         111.27     3.8542e-07
        111.296    3.87461e-07
        111.447    3.98779e-07
        111.496    4.02194e-07
         111.58    4.07971e-07
        111.584     4.0819e-07
        111.689    4.14964e-07
        111.672    4.13861e-07
        111.668    4.13628e-07
        111.724    4.17078e-07
        111.806    4.21914e-07
        111.802    4.21726e-07
        111.978    4.31155e-07
        112.009    4.32701e-07
         112.06    4.35098e-07
        112.125    4.38062e-07
        112.219    4.41961e-07
        112.209    4.41566e-07
        112.217    4.41889e-07
        112.427    4.49325e-07
        112.455    4.50145e-07
        112.447    4.49924e-07
        112.477    4.50801e-07
        112.501    4.51481e-07
        112.546    4.52677e-07
        112.596    4.53913e-07
        112.626    4.54582e-07
        112.758    4.57134e-07
        112.793     4.5769e-07
        113.022    4.59967e-07
        113.062    4.60134e-07
        113.141    4.60258e-07
        113.147    4.60257e-07
        113.132    4.60258e-07
        113.181    4.60218e-07
        113.288     4.5977e-07
        113.282    4.59809e-07
        113.306    4.59646e-07
         113.29    4.59759e-07
         113.32    4.59542e-07
        113.388    4.58911e-07
        113.499    4.57453e-07
        113.622    4.55233e-07
        113.706    4.53357e-07
        113.693    4.53652e-07
        113.814    4.50514e-07
        113.867     4.4894e-07
        113.864    4.49004e-07
        113.848    4.49491e-07
        114.085    4.41242e-07
        114.087    4.41167e-07
        114.203    4.36304e-07
        114.243    4.34463e-07
        114.311    4.31254e-07
        114.359    4.28877e-07
        114.365     4.2859e-07
        114.381    4.27773e-07
        114.432    4.25105e-07
         114.63    4.13856e-07
        114.611    4.14971e-07
        114.606    4.15266e-07
        114.657    4.12178e-07
        114.776    4.04596e-07
        114.891    3.96786e-07
        114.919    3.94793e-07
        115.009    3.88278e-07
        115.026    3.87063e-07
        115.022    3.87308e-07
        115.011    3.88163e-07
        115.036    3.86282e-07
        115.095    3.81844e-07
         115.16    3.76728e-07
        115.431    3.54147e-07
        115.451    3.52369e-07
        115.457    3.51839e-07
        115.596    3.39303e-07
        115.695    3.30019e-07
        115.702     3.2936e-07
        115.707    3.28889e-07
         115.75    3.24729e-07
        115.846    3.15311e-07
        115.942    3.05658e-07
        115.996    3.00121e-07
        115.995    3.00248e-07
        115.996    3.00121e-07
         116.09     2.9035e-07
        116.155    2.83441e-07
        116.192    2.79422e-07
        116.174    2.81413e-07
        116.218    2.76674e-07
        116.271    2.70902e-07
        116.377    2.59119e-07
        116.482    2.47325e-07
        116.532    2.41546e-07
        116.559     2.3841e-07
        116.601     2.3358e-07
        116.705    2.21421e-07
        116.756     2.1534e-07
        116.798    2.10327e-07
        116.907     1.9718e-07
        116.963    1.90364e-07
        117.069    1.77403e-07
        117.148    1.67529e-07
        117.129    1.69984e-07
        117.283    1.50721e-07
        117.367     1.4006e-07
        117.414    1.34134e-07
          117.4     1.3586e-07
        117.434    1.31504e-07
        117.602    1.10045e-07
        117.581    1.12691e-07
        117.583    1.12447e-07
        117.671    1.01123e-07
         117.77    8.82701e-08
         117.76      8.955e-08
        117.833    8.00888e-08
         117.82    8.17989e-08
        117.833    8.00888e-08
        117.813    8.27605e-08
        117.838    7.94687e-08
        117.828    8.07515e-08
        117.838    7.94687e-08
        117.828    8.07515e-08
        117.852    7.76077e-08
        117.876    7.45044e-08
        117.909    7.01564e-08
        117.952    6.45614e-08
        117.941    6.60086e-08
        118.005    5.77167e-08
        118.038    5.33258e-08
        118.064     4.9943e-08
        118.067    4.96208e-08
        118.138     4.0274e-08
        118.219     2.9679e-08
        118.211    3.07533e-08
        118.219     2.9679e-08
         118.31    1.78425e-08
         118.41    4.77633e-09
        118.481   -4.41169e-09
         118.52   -9.50129e-09
        118.537   -1.16594e-08
        118.517    -9.0956e-09
        118.639   -2.49641e-08
        118.633   -2.41026e-08
        118.655   -2.69427e-08
        118.673   -2.93126e-08
         118.66   -2.76656e-08
        118.768   -4.15763e-08
        118.758   -4.03072e-08
        118.768   -4.15763e-08
        118.758   -4.03072e-08
        118.792   -4.46304e-08
        118.906   -5.92906e-08
        118.893   -5.76123e-08
        118.906   -5.92906e-08
        118.929   -6.21306e-08
        118.929   -6.21621e-08
        119.018   -7.35177e-08
        118.998   -7.09153e-08
        119.054   -7.80471e-08
        119.065    -7.9416e-08
        119.086   -8.19949e-08
        119.153   -9.04452e-08
        119.201   -9.64603e-08
        119.212   -9.77706e-08
        119.317    -1.1079e-07
        119.379    -1.1837e-07
         119.51   -1.34283e-07
        119.555   -1.39735e-07
        119.703   -1.57318e-07
        119.698   -1.56671e-07
        119.708   -1.57877e-07
        119.698   -1.56671e-07
        119.723   -1.59554e-07
        119.741   -1.61736e-07
        119.746    -1.6234e-07
         119.78   -1.66225e-07
        119.823   -1.71191e-07
        119.875   -1.77215e-07
        119.896   -1.79553e-07
        119.937   -1.84223e-07
        119.931   -1.83571e-07
        119.929   -1.83291e-07
        119.937   -1.84269e-07
        119.919   -1.82172e-07
        119.922   -1.82592e-07
        119.937   -1.84223e-07
        119.926   -1.82965e-07
        119.915   -1.81705e-07
         119.97   -1.88019e-07
        119.976   -1.88657e-07
        120.009   -1.92317e-07
        120.011   -1.92528e-07
        119.992   -1.90458e-07
         120.09   -2.01315e-07
        120.107   -2.03224e-07
        120.142   -2.07022e-07
         120.18   -2.11213e-07
        120.281   -2.21949e-07
        120.357   -2.29936e-07
         120.39   -2.33451e-07
        120.424    -2.3694e-07
         120.51   -2.45638e-07
        120.521   -2.46789e-07
        120.503   -2.44967e-07
        120.581   -2.52746e-07
        120.598   -2.54429e-07
        120.634   -2.57933e-07
        120.638   -2.58415e-07
        120.647   -2.59273e-07
         120.67   -2.61525e-07
        120.777   -2.71675e-07
        120.802   -2.73996e-07
        120.815   -2.75207e-07
        120.925   -2.85295e-07
        120.932   -2.85976e-07
        121.041   -2.95597e-07
        121.058   -2.97051e-07
        121.063   -2.97456e-07
        121.069   -2.97974e-07
        121.082    -2.9914e-07
        121.141    -3.0412e-07
        121.192   -3.08424e-07
        121.249   -3.13057e-07
        121.306   -3.17629e-07
        121.311   -3.17987e-07
        121.295   -3.16747e-07
        121.311   -3.17987e-07
        121.322   -3.18871e-07
        121.361   -3.21951e-07
        121.419   -3.26413e-07
        121.426    -3.2688e-07
        121.571    -3.3753e-07
        121.573   -3.37706e-07
        121.612   -3.40426e-07
        121.606    -3.4004e-07
        121.684    -3.4541e-07
        121.807   -3.53495e-07
        121.845   -3.55877e-07
         121.86   -3.56819e-07
        121.863   -3.56971e-07
        121.948   -3.62161e-07
        121.988   -3.64497e-07
        122.012   -3.65874e-07
         122.11    -3.7126e-07
        122.126   -3.72157e-07
         122.12   -3.71794e-07
         122.17   -3.74469e-07
        122.178    -3.7485e-07
        122.227   -3.77335e-07
        122.212   -3.76594e-07
        122.395   -3.85231e-07
        122.417   -3.86193e-07
        122.451   -3.87636e-07
        122.476   -3.88654e-07
        122.492   -3.89341e-07
        122.576   -3.92624e-07
        122.574   -3.92562e-07
        122.658   -3.95605e-07
         122.68   -3.96357e-07
        122.685   -3.96525e-07
        122.718   -3.97626e-07
        122.739   -3.98298e-07
         122.74   -3.98337e-07
        122.928   -4.03742e-07
        122.946   -4.04185e-07
        122.974   -4.04865e-07
        123.028   -4.06097e-07
        123.181   -4.09022e-07
        123.216   -4.09578e-07
        123.232   -4.09805e-07
        123.282   -4.10494e-07
        123.305   -4.10785e-07
        123.348   -4.11257e-07
        123.381   -4.11589e-07
        123.371   -4.11496e-07
        123.443   -4.12096e-07
        123.478   -4.12317e-07
        123.552   -4.12654e-07
        123.677   -4.12775e-07
        123.659   -4.12791e-07
        123.677   -4.12775e-07
        123.651   -4.12795e-07
        123.699   -4.12738e-07
        123.715   -4.12701e-07
        123.723   -4.12679e-07
        123.784   -4.12441e-07
        123.768   -4.12514e-07
        123.997   -4.10581e-07
        124.015   -4.10342e-07
        124.009   -4.10424e-07
        124.092   -4.09237e-07
        124.128   -4.08647e-07
        124.165   -4.07995e-07
        124.288   -4.05492e-07
        124.361   -4.03749e-07
        124.364   -4.03687e-07
        124.389   -4.03046e-07
        124.403   -4.02676e-07
        124.511   -3.99644e-07
         124.54   -3.98751e-07
         124.54   -3.98744e-07
        124.588   -3.97212e-07
         124.61   -3.96489e-07
        124.721   -3.92585e-07
         124.76    -3.9112e-07
        124.812   -3.89095e-07
        124.898   -3.85547e-07
        124.916   -3.84803e-07
        124.948   -3.83395e-07
        124.933   -3.84045e-07
        125.054   -3.78543e-07
        125.089   -3.76864e-07
        125.071   -3.77738e-07
        125.089   -3.76864e-07
        125.218   -3.70334e-07
        125.192   -3.71705e-07
        125.307    -3.6553e-07
        125.309   -3.65403e-07
        125.466   -3.56424e-07
        125.544   -3.51635e-07
        125.542   -3.51762e-07
        125.534   -3.52296e-07
        125.537   -3.52093e-07
        125.547   -3.51456e-07
        125.537   -3.52093e-07
        125.526   -3.52778e-07
        125.601    -3.4808e-07
        125.718   -3.40413e-07
        125.852   -3.31239e-07
        125.886   -3.28844e-07
        125.998   -3.20652e-07
        126.113   -3.11957e-07
        126.108   -3.12369e-07
         126.15   -3.09115e-07
        126.142   -3.09768e-07
        126.216   -3.03896e-07
        126.234   -3.02486e-07
        126.248   -3.01373e-07
         126.24   -3.02032e-07
        126.248   -3.01373e-07
        126.225   -3.03215e-07
        126.282    -2.9866e-07
        126.382   -2.90364e-07
        126.543   -2.76671e-07
        126.592   -2.72439e-07
        126.653   -2.66987e-07
        126.674   -2.65179e-07
        126.765   -2.56877e-07
        126.742   -2.59013e-07
        126.906   -2.43834e-07
        126.929   -2.41672e-07
        126.933   -2.41307e-07
        126.959    -2.3883e-07
         127.03   -2.32007e-07
        127.068   -2.28347e-07
        127.046   -2.30493e-07
        127.172   -2.18248e-07
        127.179   -2.17494e-07
        127.336   -2.01865e-07
         127.39   -1.96351e-07
        127.377    -1.9769e-07
        127.396   -1.95765e-07
        127.493   -1.85831e-07
        127.509   -1.84165e-07
        127.559   -1.78945e-07
        127.722   -1.61835e-07
        127.704   -1.63793e-07
        127.699   -1.64315e-07
        127.754    -1.5844e-07
        127.789   -1.54753e-07
        127.823   -1.51088e-07
        127.927   -1.39929e-07
        128.025   -1.29333e-07
        128.118   -1.19119e-07
        128.103    -1.2074e-07
        128.129   -1.17974e-07
        128.245   -1.05165e-07
        128.302   -9.88874e-08
        128.371   -9.12491e-08
         128.35   -9.35786e-08
        128.524   -7.41845e-08
        128.501   -7.67119e-08
        128.557   -7.04678e-08
        128.589   -6.68672e-08
        128.585   -6.73277e-08
        128.622    -6.3162e-08
        128.669   -5.79409e-08
        128.824    -4.0513e-08
        128.803   -4.28247e-08
        128.811   -4.19185e-08
        128.939   -2.75898e-08
        128.982   -2.26777e-08
        129.035   -1.67962e-08
        129.088   -1.08628e-08
        129.182    -2.0928e-10
        129.287    1.14511e-08
        129.322    1.54405e-08
         129.31    1.41083e-08
        129.335     1.6809e-08
        129.328    1.60744e-08
        129.363    2.00212e-08
        129.433    2.78353e-08
         129.62    4.85066e-08
        129.759    6.37173e-08
        129.797    6.79233e-08
        129.776    6.55934e-08
        129.877    7.65399e-08
        129.871    7.59435e-08
        129.985    8.82363e-08
        129.966     8.6118e-08
        130.056    9.57791e-08
        130.122    1.02758e-07
        130.123    1.02923e-07
        130.151    1.05878e-07
        130.241    1.15276e-07
        130.241    1.15319e-07
        130.241    1.15276e-07
         130.22    1.13125e-07
        130.287    1.20145e-07
        130.375    1.29229e-07
         130.42     1.3386e-07
        130.527    1.44669e-07
        130.658    1.57772e-07
        130.665    1.58455e-07
        130.694     1.6135e-07
        130.676    1.59511e-07
        130.732    1.65053e-07
        130.918    1.82992e-07
        131.034    1.93828e-07
        131.151    2.04554e-07
        131.141    2.03659e-07
        131.157    2.05113e-07
        131.233    2.11931e-07
        131.212    2.10058e-07
         131.34    2.21375e-07
        131.329    2.20444e-07
        131.445    2.30355e-07
         131.44    2.29935e-07
         131.45    2.30836e-07
        131.522    2.36891e-07
        131.629    2.45677e-07
        131.646    2.47067e-07
        131.724    2.53295e-07
        131.719    2.52873e-07
        131.743    2.54778e-07
        131.725    2.53354e-07
        131.743    2.54778e-07
        131.753     2.5552e-07
        132.024    2.75908e-07
        132.021     2.7573e-07
        132.032    2.76488e-07
        132.111    2.82107e-07
        132.178    2.86755e-07
        132.263    2.92479e-07
        132.415    3.02218e-07
        132.517    3.08491e-07
         132.54    3.09856e-07
        132.602    3.13486e-07
        132.634    3.15281e-07
        132.657    3.16609e-07
        132.733    3.20783e-07
        132.793    3.23965e-07
        132.775    3.23054e-07
        132.783    3.23445e-07
        132.793    3.23965e-07
        132.783    3.23445e-07
        132.906    3.29747e-07
        132.923     3.3058e-07
        132.988    3.33706e-07
        133.018    3.35109e-07
        133.039    3.36052e-07
        133.103    3.38944e-07
        133.085    3.38126e-07
        133.082    3.38016e-07
        133.332    3.48254e-07
        133.365      3.495e-07
        133.444    3.52276e-07
        133.614    3.57685e-07
        133.698    3.60055e-07
         133.69    3.59855e-07
        133.715    3.60503e-07
        133.755    3.61544e-07
        133.798    3.62617e-07
        133.856    3.63958e-07
         133.88    3.64489e-07
        134.025    3.67304e-07
        134.116    3.68765e-07
        134.134     3.6902e-07
        134.112    3.68711e-07
        134.164    3.69439e-07
          134.2    3.69899e-07
        134.233    3.70286e-07
        134.438    3.71971e-07
        134.416    3.71848e-07
        134.454    3.72046e-07
        134.528    3.72316e-07
        134.663    3.72394e-07
        134.637    3.72421e-07
          134.7    3.72323e-07
        134.894    3.71292e-07
        134.885    3.71361e-07
        134.921    3.71057e-07
        134.939    3.70896e-07
        135.006    3.70197e-07
        134.991    3.70372e-07
        135.006    3.70197e-07
        135.045    3.69739e-07
        135.041    3.69785e-07
        135.202    3.67417e-07
        135.212    3.67246e-07
        135.466    3.61955e-07
        135.488    3.61413e-07
        135.583    3.58898e-07
        135.577    3.59082e-07
        135.611    3.58124e-07
        135.633    3.57482e-07
        135.751    3.53889e-07
        135.832     3.5117e-07
        135.898    3.48842e-07
        135.919    3.48096e-07
        135.983    3.45708e-07
        136.025    3.44041e-07
        136.031    3.43804e-07
        136.066      3.424e-07
        136.138    3.39441e-07
         136.17    3.38063e-07
        136.244    3.34786e-07
        136.293    3.32575e-07
        136.309     3.3183e-07
        136.382    3.28336e-07
        136.537    3.20561e-07
        136.542    3.20312e-07
        136.532    3.20827e-07
        136.556    3.19561e-07
         136.58    3.18299e-07
        136.613    3.16509e-07
        136.656     3.1417e-07
        136.708    3.11252e-07
        136.762     3.0822e-07
        136.771    3.07723e-07
        136.766     3.0796e-07
        136.752    3.08785e-07
        136.766     3.0796e-07
        136.743    3.09278e-07
        136.842    3.03543e-07
        136.825    3.04524e-07
        136.877    3.01489e-07
        136.923    2.98669e-07
        137.014    2.93051e-07
        137.051    2.90711e-07
        137.114    2.86638e-07
        137.102    2.87439e-07
        137.141    2.84886e-07
        137.133    2.85371e-07
        137.175    2.82623e-07
        137.224    2.79375e-07
        137.221    2.79585e-07
        137.343    2.71206e-07
        137.372    2.69158e-07
        137.364    2.69747e-07
        137.454     2.6337e-07
        137.431    2.64989e-07
        137.472    2.62074e-07
        137.462    2.62785e-07
        137.447    2.63848e-07
         137.61     2.5192e-07
        137.605    2.52325e-07
        137.635    2.50067e-07
        137.758     2.4069e-07
        137.862    2.32605e-07
        137.909    2.28854e-07
        137.915     2.2833e-07
        137.988    2.22527e-07
         138.04    2.18226e-07
        138.026    2.19434e-07
        138.082    2.14792e-07
        138.146    2.09493e-07
        138.195    2.05463e-07
        138.259    2.00034e-07
        138.245    2.01219e-07
        138.284     1.9788e-07
        138.334    1.93597e-07
        138.402    1.87785e-07
        138.445    1.84023e-07
        138.517    1.77669e-07
        138.534    1.76175e-07
        138.613    1.69233e-07
        138.599    1.70405e-07
        138.613    1.69233e-07
         138.64    1.66734e-07
        138.637    1.67065e-07
        138.618    1.68719e-07
        138.686    1.62615e-07
        138.846    1.48157e-07
        138.926     1.4076e-07
        138.921    1.41215e-07
        138.953    1.38282e-07
         139.06    1.28293e-07
        139.201     1.1511e-07
        139.243    1.11135e-07
        139.247    1.10721e-07
        139.284    1.07163e-07
        139.309    1.04841e-07
        139.351    1.00837e-07
        139.366     9.9408e-08
        139.409    9.52489e-08
        139.473    8.91063e-08
        139.518    8.48051e-08
        139.503    8.62687e-08
        139.488    8.76917e-08
        139.573    7.95109e-08
        139.761    6.12784e-08
        139.844      5.322e-08
        139.858    5.18998e-08
        139.835      5.418e-08
        139.891    4.86892e-08
        140.014    3.66657e-08
        140.025    3.55745e-08
        140.027    3.53899e-08
         140.27    1.17161e-08
        140.277    1.10748e-08
        140.257    1.29987e-08
        140.264    1.22772e-08
        140.311     7.7326e-09
         140.31    7.85278e-09
        140.405   -1.38687e-09
        140.483   -8.98668e-09
        140.496   -1.03039e-08
        140.484   -9.10674e-09
        140.549   -1.53595e-08
        140.544   -1.49611e-08
        140.602   -2.04944e-08
        140.681   -2.81813e-08
         140.83   -4.24739e-08
        140.961     -5.499e-08
        141.076   -6.58673e-08
        141.099   -6.80045e-08
        141.121   -7.00759e-08
        141.117   -6.97284e-08
        141.124    -7.0393e-08
        141.208   -7.81735e-08
        141.222   -7.95304e-08
        141.278    -8.4735e-08
        141.338   -9.02398e-08
        141.422   -9.79426e-08
        141.394   -9.54577e-08
        141.442   -9.98361e-08
         141.53   -1.07807e-07
        141.597   -1.13874e-07
        141.637   -1.17378e-07
        141.732   -1.25821e-07
        141.761   -1.28437e-07
         141.88   -1.38806e-07
        141.869   -1.37844e-07
        141.892    -1.3983e-07
        141.904    -1.4086e-07
        141.898   -1.40327e-07
        142.051   -1.53428e-07
        142.025   -1.51203e-07
        142.148    -1.6152e-07
        142.153   -1.61916e-07
        142.143   -1.61096e-07
        142.167   -1.63103e-07
        142.191   -1.65074e-07
        142.224    -1.6782e-07
        142.267   -1.71328e-07
        142.256   -1.70424e-07
         142.32    -1.7558e-07
        142.382   -1.80552e-07
         142.38   -1.80453e-07
        142.363   -1.79074e-07
        142.359   -1.78745e-07
        142.415   -1.83192e-07
        142.421   -1.83641e-07
        142.453   -1.86217e-07
        142.534   -1.92541e-07
        142.562   -1.94704e-07
        142.625   -1.99486e-07
        142.719    -2.0656e-07
        142.725   -2.07006e-07
        142.717   -2.06425e-07
        142.786    -2.1151e-07
         142.77   -2.10334e-07
        142.835   -2.15047e-07
        142.869   -2.17483e-07
        142.954    -2.2355e-07
        142.947   -2.23082e-07
        142.964   -2.24237e-07
        143.067   -2.31388e-07
        143.042   -2.29672e-07
        143.083   -2.32445e-07
        143.073   -2.31774e-07
        143.078    -2.3211e-07
        143.066   -2.31326e-07
        143.221   -2.41656e-07
        143.216   -2.41302e-07
        143.243   -2.43106e-07
        143.254   -2.43787e-07
        143.369   -2.51096e-07
        143.425   -2.54559e-07
          143.4   -2.53041e-07
        143.526   -2.60668e-07
        143.513   -2.59863e-07
        143.552   -2.62176e-07
        143.575   -2.63532e-07
        143.637   -2.67074e-07
        143.693   -2.70267e-07
        143.751   -2.73415e-07
        143.766    -2.7427e-07
        143.792    -2.7568e-07
         143.87   -2.79777e-07
        143.955   -2.84132e-07
        143.945   -2.83636e-07
        143.955   -2.84132e-07
        143.945   -2.83636e-07
        144.013   -2.86978e-07
        144.056   -2.89071e-07
        144.169   -2.94353e-07
        144.252   -2.98012e-07
         144.24   -2.97528e-07
        144.273   -2.98952e-07
        144.307   -3.00386e-07
        144.304   -3.00281e-07
        144.396   -3.04074e-07
        144.433   -3.05516e-07
        144.457   -3.06454e-07
        144.425   -3.05231e-07
        144.556   -3.10178e-07
        144.537   -3.09499e-07
        144.543   -3.09708e-07
        144.564   -3.10481e-07
        144.615   -3.12297e-07
        144.671   -3.14242e-07
        144.666   -3.14061e-07
        144.896   -3.21211e-07
         144.92   -3.21898e-07
        144.913   -3.21691e-07
        144.952   -3.22764e-07
        144.962   -3.23045e-07
        145.129    -3.2719e-07
        145.114   -3.26841e-07
        145.124   -3.27077e-07
        145.114   -3.26841e-07
        145.135   -3.27322e-07
        145.183   -3.28377e-07
         145.25   -3.29764e-07
        145.247   -3.29698e-07
        145.357   -3.31737e-07
        145.373   -3.32002e-07
        145.386    -3.3223e-07
         145.49   -3.33801e-07
        145.625   -3.35465e-07
        145.676   -3.35969e-07
        145.726   -3.36408e-07
        145.772   -3.36753e-07
         145.75   -3.36592e-07
        145.826   -3.37091e-07
        145.888   -3.37396e-07
        145.868    -3.3731e-07
        145.921   -3.37519e-07
        146.114   -3.37704e-07
        146.116     -3.377e-07
        146.095   -3.37726e-07
         146.09    -3.3773e-07
         146.16   -3.37613e-07
        146.131   -3.37675e-07
        146.197   -3.37504e-07
        146.213   -3.37445e-07
        146.263   -3.37222e-07
        146.292   -3.37064e-07
        146.441   -3.35939e-07
        146.434   -3.36002e-07
        146.536   -3.34938e-07
        146.631   -3.33733e-07
        146.609   -3.34025e-07
        146.732   -3.32201e-07
        146.716   -3.32466e-07
        146.705   -3.32641e-07
        146.856   -3.30008e-07
        146.847   -3.30165e-07
        146.856   -3.30008e-07
        146.889   -3.29348e-07
        146.987   -3.27288e-07
        147.033    -3.2624e-07
        147.074   -3.25247e-07
        147.055   -3.25722e-07
        147.205   -3.21884e-07
        147.208   -3.21783e-07
        147.257   -3.20439e-07
        147.289   -3.19518e-07
        147.343    -3.1791e-07
         147.48   -3.13529e-07
        147.528   -3.11923e-07
        147.515   -3.12352e-07
        147.605   -3.09209e-07
        147.662   -3.07087e-07
        147.636   -3.08062e-07
        147.759   -3.03382e-07
        147.729   -3.04538e-07
        147.764   -3.03194e-07
        147.778   -3.02627e-07
        147.765   -3.03158e-07
        147.802   -3.01673e-07
        147.835   -3.00317e-07
        147.869   -2.98918e-07
        147.878    -2.9854e-07
        147.867   -2.99003e-07
        147.878    -2.9854e-07
        147.931   -2.96316e-07
        147.951   -2.95433e-07
        147.991   -2.93671e-07
        147.993   -2.93616e-07
         147.99   -2.93725e-07
        147.978   -2.94268e-07
        147.987   -2.93888e-07
        147.966   -2.94807e-07
        148.064   -2.90404e-07
        148.045   -2.91271e-07
        148.145   -2.86642e-07
        148.236   -2.82284e-07
        148.284   -2.79935e-07
         148.33   -2.77589e-07
        148.336   -2.77284e-07
        148.324    -2.7791e-07
        148.363   -2.75913e-07
        148.446   -2.71591e-07
        148.463    -2.7071e-07
        148.443   -2.71756e-07
        148.565   -2.65153e-07
        148.558   -2.65519e-07
        148.678   -2.58805e-07
        148.694   -2.57916e-07
        148.677   -2.58856e-07
        148.669   -2.59325e-07
        148.677   -2.58856e-07
        148.726   -2.56073e-07
        148.761   -2.54021e-07
        148.832   -2.49824e-07
        148.827   -2.50147e-07
        148.855    -2.4849e-07
        148.944   -2.43038e-07
         148.98   -2.40822e-07
        149.036   -2.37321e-07
        149.118   -2.32118e-07
        149.138   -2.30858e-07
        149.131   -2.31282e-07
        149.196   -2.27049e-07
        149.186   -2.27694e-07
        149.305    -2.1988e-07
        149.337   -2.17703e-07
        149.369   -2.15566e-07
        149.403   -2.13185e-07
        149.436    -2.1098e-07
        149.481   -2.07843e-07
        149.475    -2.0827e-07
        149.449    -2.1009e-07
        149.491    -2.0718e-07
        149.506    -2.0608e-07
        149.667   -1.94703e-07
        149.663    -1.9501e-07
         149.78   -1.86493e-07
        149.863   -1.80429e-07
        149.852   -1.81251e-07
        149.863   -1.80429e-07
         149.84   -1.82072e-07
        149.884   -1.78816e-07
        149.872   -1.79733e-07
        149.909   -1.77015e-07
        149.937   -1.74923e-07
        149.918   -1.76308e-07
        150.068   -1.64993e-07
        150.167   -1.57392e-07
        150.148   -1.58821e-07
        150.143   -1.59201e-07
        150.233    -1.5222e-07
        150.282   -1.48382e-07
        150.268   -1.49542e-07
        150.423   -1.37298e-07
        150.447   -1.35372e-07
        150.451   -1.35063e-07
        150.507   -1.30594e-07
        150.563   -1.26087e-07
        150.574   -1.25178e-07
        150.696   -1.15297e-07
         150.74    -1.1164e-07
        150.746   -1.11161e-07
        150.858   -1.01962e-07
        150.968   -9.28425e-08
        150.967    -9.2945e-08
        150.946   -9.47216e-08
        150.984   -9.15494e-08
        150.954   -9.40111e-08
        151.001   -9.00768e-08
        151.057   -8.54581e-08
        151.101   -8.17702e-08
        151.142   -7.83156e-08
        151.237   -7.03693e-08
        151.248   -6.94263e-08
        151.287    -6.6103e-08
        151.383   -5.79808e-08
        151.427   -5.42801e-08
        151.499   -4.81668e-08
        151.496   -4.83763e-08
        151.492   -4.87254e-08
        151.479   -4.98425e-08
        151.487   -4.92142e-08
        151.492   -4.87254e-08
         151.47   -5.06103e-08
        151.495   -4.85298e-08
        151.627   -3.72862e-08
        151.715   -2.97873e-08
        151.771   -2.50311e-08
        151.779   -2.43375e-08
        151.808   -2.18856e-08
        151.874   -1.62254e-08
        152.035   -2.50099e-09
        152.052     -1.075e-09
        152.242     1.5001e-08
        152.298    1.97898e-08
        152.343    2.35639e-08
        152.327    2.21772e-08
        152.316    2.12408e-08
        152.425    3.04294e-08
         152.41    2.91856e-08
         152.56    4.17377e-08
        152.566    4.22524e-08
        152.584    4.37542e-08
        152.596    4.47136e-08
        152.581    4.34803e-08
        152.644    4.87221e-08
        152.617    4.64663e-08
        152.685     5.2181e-08
        152.664    5.04427e-08
        152.666     5.0545e-08
         152.82    6.32454e-08
        152.845    6.53301e-08
          152.9    6.98092e-08
        152.954    7.42093e-08
        152.989    7.70322e-08
        153.078     8.4221e-08
        153.114    8.71513e-08
        153.139     8.9106e-08
        153.142    8.93886e-08
         153.12    8.76126e-08
        153.273    9.98087e-08
        153.363    1.06811e-07
        153.365    1.06959e-07
        153.562    1.22214e-07
        153.601    1.25183e-07
        153.603    1.25277e-07
        153.643    1.28312e-07
         153.71    1.33349e-07
        153.774    1.38107e-07
        153.884    1.46198e-07
        153.895    1.46969e-07
        153.941    1.50345e-07
        153.935    1.49888e-07
        153.939    1.50215e-07
        154.074    1.59786e-07
        154.054    1.58391e-07
        154.091    1.60997e-07
        154.169    1.66448e-07
         154.17    1.66499e-07
        154.186    1.67638e-07
        154.217     1.6977e-07
        154.289    1.74721e-07
        154.287    1.74554e-07
        154.272     1.7352e-07
        154.314    1.76367e-07
        154.555    1.92262e-07
        154.558    1.92399e-07
        154.647     1.9809e-07
        154.623    1.96537e-07
        154.695    2.01058e-07
        154.735    2.03547e-07
        154.774    2.05941e-07
        154.807    2.07946e-07
        154.874    2.11923e-07
        154.962    2.17074e-07
         154.98    2.18116e-07
        154.985      2.184e-07
        155.015    2.20121e-07
        155.047    2.21949e-07
        155.273    2.34314e-07
        155.391    2.40469e-07
        155.368    2.39252e-07
         155.47    2.44409e-07
        155.452    2.43492e-07
        155.483    2.45054e-07
        155.548     2.4819e-07
        155.529    2.47298e-07
        155.527    2.47178e-07
        155.565    2.49002e-07
        155.619    2.51556e-07
        155.778    2.58777e-07
        155.765    2.58213e-07
         155.81    2.60172e-07
        155.837    2.61344e-07
        155.863    2.62437e-07
        156.034    2.69406e-07
        156.058    2.70346e-07
        156.076    2.71033e-07
        156.062    2.70495e-07
        156.135    2.73255e-07
        156.174     2.7469e-07
        156.159    2.74149e-07
        156.241    2.77097e-07
         156.28    2.78438e-07
        156.321    2.79859e-07
        156.472    2.84702e-07
        156.578    2.87819e-07
        156.579    2.87854e-07
        156.645    2.89672e-07
        156.691    2.90916e-07
        156.859    2.95023e-07
        156.861    2.95067e-07
        156.867    2.95207e-07
        156.898    2.95907e-07
        156.949    2.96989e-07
        156.994    2.97928e-07
        156.972    2.97477e-07
        157.108    3.00068e-07
        157.098    2.99892e-07
        157.111    3.00126e-07
        157.081    2.99594e-07
        157.116     3.0021e-07
         157.13    3.00459e-07
        157.154    3.00865e-07
        157.187    3.01414e-07
        157.219    3.01916e-07
         157.23    3.02087e-07
        157.283    3.02856e-07
        157.316     3.0332e-07
        157.336    3.03581e-07
        157.345    3.03693e-07
        157.326    3.03452e-07
        157.336    3.03581e-07
        157.326    3.03452e-07
        157.366    3.03962e-07
        157.354    3.03807e-07
        157.416    3.04559e-07
        157.419     3.0459e-07
        157.497    3.05413e-07
        157.489    3.05333e-07
        157.518    3.05611e-07
        157.588    3.06207e-07
        157.647     3.0663e-07
        157.657    3.06694e-07
        157.688    3.06885e-07
        157.798     3.0739e-07
        157.853     3.0755e-07
        157.917    3.07657e-07
        157.951    3.07679e-07
        157.958    3.07681e-07
        158.046    3.07615e-07
        158.011     3.0766e-07
         158.07     3.0757e-07
        158.171    3.07248e-07
        158.184     3.0719e-07
        158.195     3.0714e-07
        158.179    3.07214e-07
        158.206    3.07085e-07
        158.209    3.07073e-07
        158.297    3.06556e-07
        158.277    3.06686e-07
        158.276    3.06694e-07
        158.332    3.06303e-07
        158.343     3.0622e-07
        158.363    3.06058e-07
        158.427    3.05498e-07
        158.489    3.04869e-07
        158.595    3.03633e-07
        158.582    3.03789e-07
          158.6    3.03567e-07
        158.656    3.02803e-07
        158.689    3.02337e-07
         158.75    3.01405e-07
        158.753    3.01349e-07
        158.833    3.00014e-07
        158.952    2.97794e-07
        159.019    2.96411e-07
        159.091    2.94826e-07
        159.203    2.92177e-07
        159.212    2.91953e-07
          159.2    2.92259e-07
        159.214    2.91902e-07
        159.206    2.92106e-07
        159.188    2.92561e-07
        159.183    2.92682e-07
        159.248    2.91053e-07
        159.254    2.90907e-07
        159.321    2.89143e-07
         159.42    2.86394e-07
          159.5     2.8402e-07
        159.634    2.79797e-07
        159.603    2.80796e-07
        159.685    2.78126e-07
        159.665    2.78786e-07
        159.702    2.77546e-07
        159.752    2.75812e-07
        159.808    2.73842e-07
        159.858    2.72023e-07
        159.898    2.70557e-07
        159.876    2.71397e-07
        159.883    2.71123e-07
        159.911    2.70067e-07
        159.891    2.70805e-07
        159.983    2.67311e-07
