1-5:fcc al 6-10:hcp 11-15:bcc 15-20:sc 21:fcc100 22:fcc110 23:fcc111 24:vacancy111 25:vacancy211 26:vacancy221 27:vacancy222
Energy(eV)                   Hartree             natoms
-5.740260343337e+01	2.591730561150e-01	1
-5.783781748511e+01	1.653170278170e-01	1
-5.794901249191e+01	1.089116854880e-01	1
-5.787277365420e+01	1.016515011550e-01	1
-5.769399314959e+01	1.510299901120e-01	1
-1.147616722876e+02	5.016251897010e-01	2
-1.156224856573e+02	3.120084527700e-01	2
-1.158437135633e+02	2.043936234200e-01	2
-1.156966638123e+02	1.968355978120e-01	2
-1.153442758107e+02	3.037656286670e-01	2
-5.736029990893e+01	2.107909439760e-01	1
-5.775900514260e+01	1.144070506080e-01	1
-5.786231932946e+01	6.775633144100e-02	1
-5.778944959425e+01	7.558362309300e-02	1
-5.761579327951e+01	1.419656501840e-01	1
-5.709286536165e+01	2.352239639040e-01	1
-5.748480301647e+01	3.006747578340e-01	1
-5.758811926620e+01	4.130525878450e-01	1
-5.751539525013e+01	5.745345994670e-01	1
-5.734238112698e+01	7.817294669400e-01	1
-288.652573089555       1021.586670894286       5
-403.938736034561       1378.432496979750       7
-288.883939437592       1391.070316283620        5
-173.050534085033       5.243174041490          3
-404.885845854401       17.950407904563         7
-868.487788558612       22.123081993151         15

