              0      0.0237647
     0.00526041       -6.76467
      0.0210416       -1.67337
      0.0473437       -0.73056
      0.0841665      -0.400614
        0.13151      -0.247941
       0.189375      -0.165061
        0.25776      -0.115148
       0.336666     -0.0828225
       0.426093     -0.0607371
       0.526041     -0.0450226
       0.636509     -0.0334838
       0.757498     -0.0247995
       0.889009     -0.0181356
        1.03104     -0.0129442
        1.18359    -0.00885307
        1.34666    -0.00560204
        1.52026    -0.00300477
        1.70437   -0.000924872
        1.89901    0.000739443
        2.10416     0.00206553
        2.31984     0.00311326
        2.54604     0.00392982
        2.78275     0.00455311
        3.02999     0.00501415
        3.28775     0.00533883
        3.55603     0.00554904
        3.83484     0.00566358
        4.12416     0.00569867
          4.424     0.00566837
        4.73437     0.00558486
        5.05525     0.00545861
        5.38666     0.00529859
        5.72858     0.00511239
        6.08103     0.00490643
          6.444     0.00468607
        6.81749     0.00445577
         7.2015     0.00421925
        7.59603     0.00397959
        8.00108     0.00373932
        8.41665     0.00350048
        8.84274     0.00326473
        9.27936     0.00303334
        9.72649     0.00280726
        10.1841      0.0025872
        10.6523     0.00237364
         11.131     0.00216695
        11.6202     0.00196745
          12.12     0.00177546
        12.6302     0.00159139
        13.0926     0.00143484
        13.0978     0.00143311
        13.1136     0.00142794
        13.1399     0.00141935
         13.151     0.00141573
        13.1767     0.00140737
        13.2241     0.00139206
        13.2819     0.00137349
        13.3503     0.00135173
        13.4292     0.00132688
        13.5187     0.00129906
        13.6186     0.00126839
        13.6823     0.00124907
        13.7291       0.001235
        13.8501     0.00119906
        13.9816     0.00116074
        14.1236     0.00112021
        14.2241     0.00109206
        14.2762     0.00107767
        14.4392     0.00103333
        14.6128    0.000987426
        14.7765    0.000945357
        14.7969     0.00094018
        14.9916    0.000891843
        15.1967    0.000842669
        15.3393    0.000809552
        15.4124    0.000792923
        15.6386    0.000742872
        15.8753    0.000692788
        15.9127    0.000685086
        16.1226    0.000642941
        16.3803    0.000593595
        16.4966    0.000572188
        16.6486    0.000545009
        16.9274    0.000497426
        17.0911    0.000470836
        17.2167    0.000451074
        17.5166     0.00040616
         17.696    0.000380743
        17.8269    0.000362867
        18.1478    0.000321351
        18.3115    0.000301389
        18.4792    0.000281742
        18.8211    0.000244141
        18.9375    0.000232068
        19.1736    0.000208623
        19.5366    0.000175237
         19.574    0.000171971
        19.9101    0.000144016
         20.221    0.000120272
        20.2941    0.000114975
        20.6886    8.81213e-05
        20.8786    7.62022e-05
        21.0936    6.34593e-05
        21.5092    4.09948e-05
        21.5466    3.91067e-05
        21.9353    2.07398e-05
        22.2252    8.47346e-06
        22.3719     2.7142e-06
        22.8191   -1.30545e-05
        22.9143   -1.60773e-05
        23.2767   -2.65341e-05
         23.614   -3.48324e-05
        23.7449   -3.76942e-05
        24.2236   -4.65139e-05
        24.3148   -4.79103e-05
          24.32   -4.79882e-05
        24.3241   -4.80485e-05
        24.3358     -4.822e-05
        24.3621   -4.86006e-05
        24.3989   -4.91212e-05
        24.4463   -4.97698e-05
        24.5041    -5.0531e-05
        24.5725   -5.13863e-05
        24.6514   -5.23142e-05
        24.7128   -5.29926e-05
        24.7409   -5.32903e-05
        24.8408   -5.42879e-05
        24.9513   -5.52777e-05
        25.0448   -5.60249e-05
        25.0723   -5.62287e-05
        25.2038   -5.71082e-05
        25.2125   -5.71613e-05
        25.3458   -5.78824e-05
        25.4984   -5.85167e-05
        25.6614   -5.89766e-05
        25.7228   -5.90931e-05
         25.776   -5.91695e-05
         25.835   -5.92281e-05
        26.0191   -5.92384e-05
        26.2138   -5.89768e-05
        26.2436    -5.8913e-05
        26.4189   -5.84156e-05
        26.5177   -5.80465e-05
        26.6346   -5.75308e-05
        26.7749    -5.6804e-05
        26.8608   -5.63033e-05
        27.0975   -5.47199e-05
        27.2699   -5.33922e-05
        27.3167   -5.30087e-05
        27.3448    -5.2774e-05
        27.6025   -5.04669e-05
         27.869   -4.78265e-05
        27.8708   -4.78084e-05
        28.0327   -4.60965e-05
        28.1496   -4.48174e-05
        28.4319   -4.16045e-05
        28.4389   -4.15227e-05
        28.7388   -3.79629e-05
         28.806   -3.71507e-05
        29.0053   -3.47229e-05
        29.0491   -3.41862e-05
          29.37     -3.025e-05
        29.5892   -2.75764e-05
        29.5898   -2.75693e-05
        29.7014   -2.62199e-05
        30.0433   -2.21678e-05
        30.1836   -2.05515e-05
        30.3841   -1.82996e-05
        30.3958   -1.81706e-05
        30.7588    -1.4307e-05
        30.7886   -1.40028e-05
        31.1323   -1.06553e-05
        31.1889   -1.01327e-05
         31.404   -8.23043e-06
        31.5163   -7.28999e-06
        31.9108   -4.27828e-06
        32.0043   -3.63314e-06
          32.03   -3.46041e-06
        32.3158   -1.67713e-06
        32.6665    1.69295e-07
        32.7314    4.70005e-07
        32.8302    9.03654e-07
        33.1575    2.13583e-06
        33.3136    2.61561e-06
        33.5941    3.31122e-06
        33.6666    3.45735e-06
        33.9711    3.92901e-06
        34.0413    4.00648e-06
        34.4989    4.25145e-06
        34.5135    4.25234e-06
        34.6392    4.24377e-06
        34.9671    4.09467e-06
        35.3178    3.76067e-06
         35.371    3.69659e-06
        35.4458    3.60116e-06
         35.537    3.47697e-06
        35.5422    3.46955e-06
         35.558    3.44714e-06
        35.5843    3.40927e-06
        35.6211    3.35518e-06
        35.6685    3.28385e-06
        35.7263    3.19409e-06
        35.7947    3.08455e-06
        35.8736    2.95385e-06
         35.935    2.84926e-06
        35.9631    2.80065e-06
        36.0069    2.72375e-06
         36.063    2.62373e-06
        36.1735    2.42216e-06
        36.2389    2.30014e-06
        36.2945    2.19535e-06
         36.426    1.94325e-06
        36.4347    1.92628e-06
         36.568    1.66637e-06
        36.7065    1.39367e-06
        36.7206    1.36599e-06
        36.8836    1.04418e-06
         36.945    9.23451e-07
        37.0572    7.03934e-07
        37.1174    5.87079e-07
        37.2413    3.49215e-07
        37.4167    2.04634e-08
         37.436   -1.50323e-08
        37.4658   -6.96015e-08
        37.6411   -3.82882e-07
        37.8568   -7.47488e-07
        37.9971   -9.70558e-07
        38.0064   -9.85003e-07
         38.083   -1.10119e-06
        38.1374   -1.18137e-06
        38.3197   -1.43568e-06
        38.5389   -1.70972e-06
         38.567    -1.7422e-06
        38.8247   -2.01185e-06
        38.8686   -2.05245e-06
         38.906   -2.08587e-06
        39.0912   -2.23461e-06
         39.093   -2.23588e-06
        39.2777    -2.3558e-06
         39.283    -2.3588e-06
        39.2987   -2.36768e-06
         39.325   -2.38201e-06
        39.3619   -2.40112e-06
        39.3718   -2.40608e-06
        39.4092   -2.42404e-06
        39.4671   -2.44956e-06
        39.5355   -2.47618e-06
        39.6103   -2.50093e-06
        39.6144   -2.50216e-06
        39.6541   -2.51333e-06
        39.6611   -2.51517e-06
        39.7038   -2.52551e-06
        39.8037   -2.54403e-06
         39.816   -2.54575e-06
        39.9142   -2.55531e-06
         39.961   -2.55723e-06
        40.0352   -2.55682e-06
        40.1667   -2.54589e-06
        40.2275   -2.53652e-06
        40.2713    -2.5281e-06
        40.3087   -2.51983e-06
        40.3625   -2.50621e-06
        40.4613   -2.47598e-06
        40.5922   -2.42581e-06
        40.6244   -2.41178e-06
        40.7366   -2.35774e-06
         40.798   -2.32493e-06
        40.8114   -2.31744e-06
        40.9236   -2.25088e-06
        40.9821   -2.21341e-06
        41.1253   -2.11395e-06
        41.1767   -2.07569e-06
        41.2655   -2.00662e-06
        41.3819   -1.91079e-06
        41.4058   -1.89032e-06
        41.5975   -1.71842e-06
         41.618   -1.69928e-06
        41.6677   -1.65218e-06
        41.8237   -1.49914e-06
        41.8986   -1.42328e-06
         41.981   -1.33807e-06
        42.0108   -1.30685e-06
        42.0605    -1.2544e-06
        42.3077   -9.86681e-07
        42.3545   -9.35048e-07
        42.5655    -6.9954e-07
        42.6093    -6.5027e-07
        42.6262   -6.31201e-07
        42.6824   -5.68035e-07
        42.7385   -5.04841e-07
        42.8337   -3.97631e-07
        43.1125   -8.66918e-08
         43.133   -6.41547e-08
        43.2522     6.6131e-08
        43.4019    2.26527e-07
        43.4767    3.05187e-07
         43.538    3.68851e-07
        43.5614    3.92887e-07
        43.7017    5.34391e-07
        43.8887    7.15053e-07
        43.9536    7.75359e-07
        44.0121    8.28575e-07
        44.2815     1.0592e-06
        44.3329    1.10031e-06
        44.3797    1.13682e-06
        44.5241    1.24426e-06
        44.5358     1.2526e-06
        44.6644     1.3407e-06
        44.8163    1.43597e-06
        45.0063     1.5411e-06
        45.0969    1.58563e-06
        45.1933    1.62898e-06
        45.2635    1.65786e-06
        45.3587    1.69349e-06
        45.4973    1.73787e-06
        45.7211    1.79087e-06
        45.7217    1.79098e-06
        45.8614    1.81233e-06
        45.9228    1.81889e-06
        46.0952    1.82818e-06
        46.1893    1.82764e-06
        46.4792    1.80167e-06
        46.4809    1.80141e-06
          46.54     1.7917e-06
         46.668    1.76574e-06
        46.7592    1.74324e-06
        46.7644    1.74184e-06
        46.7802    1.73758e-06
        46.8065    1.73027e-06
        46.8433    1.71958e-06
        46.8737    1.71038e-06
        46.8907    1.70509e-06
        46.9485    1.68624e-06
        47.0169    1.66237e-06
        47.0958    1.63275e-06
        47.1572    1.60821e-06
        47.1853    1.59657e-06
        47.2291    1.57784e-06
        47.2788    1.55585e-06
        47.2852    1.55295e-06
        47.3957      1.501e-06
        47.4752    1.46131e-06
        47.5167    1.43985e-06
        47.6061    1.39193e-06
        47.6482    1.36862e-06
        47.6569     1.3637e-06
        47.6943     1.3425e-06
        47.7902    1.28654e-06
        47.9287    1.20178e-06
        47.9428    1.19296e-06
        48.1058    1.08735e-06
        48.1204    1.07763e-06
        48.1672    1.04627e-06
        48.2794    9.69447e-07
        48.4635    8.39214e-07
        48.4799    8.27416e-07
        48.5571    7.71367e-07
        48.6389    7.11216e-07
        48.6582    6.96942e-07
         48.688    6.74816e-07
        48.8633    5.43285e-07
        49.0042    4.36366e-07
         49.079    3.79308e-07
        49.2193    2.72129e-07
        49.3052    2.06522e-07
        49.3315    1.86465e-07
        49.3596    1.65091e-07
        49.4618    8.73987e-08
        49.4952    6.21919e-08
        49.5419    2.69145e-08
        49.7611   -1.36422e-07
        49.7892   -1.57035e-07
          49.93   -2.59288e-07
        50.0469   -3.42362e-07
        50.0908   -3.73047e-07
          50.21   -4.55096e-07
        50.3134   -5.24473e-07
        50.3152   -5.25633e-07
        50.4087   -5.86745e-07
        50.5209   -6.57957e-07
         50.594   -7.03002e-07
        50.8325   -8.42225e-07
        50.8763   -8.66442e-07
        50.8833   -8.70275e-07
        50.8979   -8.78224e-07
         51.099   -9.82394e-07
        51.1832   -1.02301e-06
        51.3977   -1.11817e-06
        51.4497   -1.13937e-06
        51.4935   -1.15667e-06
        51.5572   -1.18085e-06
        51.5847   -1.19092e-06
        51.8144   -1.26672e-06
        51.9079    -1.2932e-06
        51.9985   -1.31639e-06
        52.0336   -1.32471e-06
        52.1458   -1.34889e-06
        52.3475   -1.38286e-06
        52.3703   -1.38593e-06
        52.3755   -1.38662e-06
        52.3913   -1.38863e-06
        52.4176   -1.39181e-06
        52.4287   -1.39309e-06
        52.4544   -1.39592e-06
        52.4877   -1.39929e-06
        52.5018   -1.40061e-06
        52.5596   -1.40543e-06
        52.6041   -1.40846e-06
         52.628   -1.40984e-06
        52.7069    -1.4132e-06
        52.7964   -1.41479e-06
        52.8402   -1.41471e-06
        52.8963   -1.41378e-06
        52.9086   -1.41346e-06
          52.96   -1.41163e-06
        53.0068    -1.4093e-06
        53.1208   -1.40102e-06
        53.1278   -1.40039e-06
        53.2032   -1.39275e-06
         53.233   -1.38929e-06
        53.2593   -1.38604e-06
        53.4013   -1.36521e-06
        53.5018   -1.34721e-06
        53.5539   -1.33685e-06
        53.5767    -1.3321e-06
        53.6614   -1.31326e-06
        53.7169   -1.29994e-06
        53.8292   -1.27072e-06
        53.8484    -1.2654e-06
        53.8905   -1.25347e-06
        53.9046   -1.24941e-06
        53.9607   -1.23269e-06
        54.0542   -1.20326e-06
        54.0746   -1.19656e-06
        54.2693   -1.12841e-06
        54.3552   -1.09589e-06
        54.4744   -1.04842e-06
         54.617   -9.88306e-07
        54.6901   -9.56186e-07
        54.6989   -9.52274e-07
        54.7293    -9.3862e-07
        54.7602   -9.24557e-07
        54.9163   -8.51572e-07
        55.1109   -7.56007e-07
         55.153   -7.34753e-07
        55.1758   -7.23159e-07
        55.1904   -7.15697e-07
        55.4003    -6.0626e-07
        55.5037   -5.50919e-07
        55.6019   -4.97698e-07
         55.658   -4.67024e-07
        55.7019   -4.42943e-07
         55.758   -4.11987e-07
        55.7743   -4.02932e-07
        55.8076   -3.84467e-07
        55.9263   -3.18409e-07
        56.0385   -2.55628e-07
        56.2051   -1.62234e-07
        56.3191   -9.84186e-08
        56.3688   -7.06712e-08
        56.4155   -4.46113e-08
        56.4857   -5.64576e-09
        56.4944   -7.87048e-10
         56.654    8.70668e-08
        56.7943    1.63184e-07
        56.8966    2.17863e-07
        56.9433    2.42596e-07
        56.9737    2.58577e-07
        57.0836    3.15686e-07
        57.1046    3.26495e-07
         57.145    3.47093e-07
        57.4115    4.78869e-07
        57.4255    4.85578e-07
        57.5892    5.61997e-07
        57.6166    5.74477e-07
        57.7569    6.36551e-07
        57.7622    6.38823e-07
        57.8902    6.92831e-07
        57.9814    7.29746e-07
        57.9866    7.31835e-07
         57.996    7.35538e-07
        58.0024    7.38075e-07
        58.0287    7.48385e-07
        58.0655    7.62626e-07
        58.0988    7.75316e-07
        58.1129    7.80603e-07
        58.1707    8.02057e-07
        58.2152    8.18134e-07
        58.2391    8.26664e-07
         58.318    8.54031e-07
        58.3794     8.7454e-07
        58.4075    8.83687e-07
        58.4513    8.97687e-07
        58.5074    9.15084e-07
        58.5898    9.39556e-07
        58.6179     9.4759e-07
        58.7389    9.80489e-07
        58.8143    9.99535e-07
        58.8283    1.00295e-06
        58.8517    1.00856e-06
        58.8704    1.01297e-06
        58.8791    1.01502e-06
        59.0124    1.04415e-06
        59.1059    1.06244e-06
        59.1509     1.0706e-06
         59.165    1.07305e-06
        59.1878    1.07696e-06
         59.328    1.09862e-06
        59.3894     1.1068e-06
        59.4987    1.11943e-06
        59.5016    1.11973e-06
        59.5718    1.12647e-06
        59.5735    1.12662e-06
        59.6857    1.13521e-06
        59.8611    1.14336e-06
        59.8804    1.14387e-06
        59.9102     1.1445e-06
        59.9663    1.14518e-06
        60.0855    1.14447e-06
        60.1563    1.14268e-06
        60.2264     1.1399e-06
        60.3012    1.13584e-06
        60.3713    1.13101e-06
        60.4415    1.12522e-06
        60.5274    1.11681e-06
        60.5537    1.11396e-06
        60.5677    1.11238e-06
        60.5818    1.11076e-06
        60.7641    1.08636e-06
        60.7869    1.08288e-06
        60.8243    1.07696e-06
        60.9833    1.04898e-06
        61.0114    1.04358e-06
         61.213    1.00084e-06
        61.2691    9.87748e-07
         61.313    9.77172e-07
        61.3574    9.66147e-07
        61.4322     9.4689e-07
        61.5029    9.27911e-07
        61.5356    9.18878e-07
        61.5374     9.1839e-07
        61.5725    9.08531e-07
        61.6496    8.86229e-07
        61.8162    8.35322e-07
        62.0547    7.56383e-07
        62.0968     7.4177e-07
        62.0985    7.41157e-07
        62.1055    7.38702e-07
         62.192    7.07987e-07
        62.3212    6.60719e-07
        62.4054    6.29079e-07
        62.4989    5.93205e-07
        62.5544     5.7157e-07
        62.5877    5.58476e-07
        62.6719     5.2504e-07
        62.7157    5.07434e-07
        62.8069    4.70426e-07
        62.8917    4.35599e-07
        63.0226    3.81094e-07
        63.0366    3.75209e-07
        63.2207    2.97315e-07
        63.2558    2.82362e-07
         63.368     2.3433e-07
        63.5013    1.77045e-07
        63.5697    1.47597e-07
        63.6018    1.33752e-07
        63.6135    1.28717e-07
        63.6509    1.12609e-07
        63.7099    8.72053e-08
        63.8502    2.69962e-08
        63.9905   -3.28337e-08
        64.0624   -6.32868e-08
        64.1308   -9.20917e-08
        64.3225   -1.71811e-07
         64.343   -1.80215e-07
        64.4254   -2.13839e-07
        64.4552   -2.25906e-07
        64.4902   -2.40035e-07
        64.6498   -3.03315e-07
        64.7989   -3.60778e-07
        64.8135   -3.66319e-07
        65.0005   -4.35642e-07
        65.0514    -4.5395e-07
        65.0537   -4.54786e-07
        65.0706   -4.60831e-07
        65.1268   -4.80645e-07
        65.1829    -5.0015e-07
        65.5213   -6.10746e-07
        65.5774   -6.27838e-07
        65.6966   -6.62908e-07
        65.7954   -6.90632e-07
        65.9211   -7.24103e-07
        65.9824   -7.39698e-07
        65.9865    -7.4072e-07
        66.0526   -7.56904e-07
        66.3331   -8.18955e-07
         66.398   -8.31721e-07
        66.5476   -8.58834e-07
        66.5944   -8.66633e-07
        66.7259   -8.86825e-07
         66.754   -8.90797e-07
        66.8241    -9.0021e-07
        66.9241   -9.12338e-07
        66.9802    -9.1848e-07
        67.1467   -9.33882e-07
        67.1701   -9.35704e-07
        67.2607   -9.41971e-07
        67.3104   -9.44873e-07
        67.5413   -9.53397e-07
        67.6377   -9.54548e-07
        67.7079     -9.545e-07
        67.7096   -9.54489e-07
        67.8218    -9.5284e-07
        67.8762   -9.51363e-07
        68.0837   -9.41709e-07
        68.1655   -9.36174e-07
         68.283    -9.2655e-07
        68.3058   -9.24456e-07
        68.3642   -9.18755e-07
        68.3672   -9.18457e-07
        68.6337   -8.86414e-07
        68.8388    -8.5536e-07
        68.8669   -8.50698e-07
        68.8675     -8.506e-07
        68.9002   -8.45035e-07
        68.9844   -8.30124e-07
        69.1124   -8.05826e-07
        69.2036   -7.87363e-07
        69.2088   -7.86269e-07
        69.2246   -7.82969e-07
        69.2509   -7.77408e-07
        69.2877   -7.69495e-07
        69.3351   -7.59105e-07
        69.3929   -7.46083e-07
        69.4613   -7.30246e-07
        69.5402   -7.11386e-07
        69.5689   -7.04388e-07
        69.6016   -6.96295e-07
        69.6297   -6.89276e-07
        69.6618   -6.81144e-07
        69.6735   -6.78162e-07
        69.7296    -6.6368e-07
         69.812   -6.41902e-07
        69.8401   -6.34354e-07
        69.9611    -6.0106e-07
        69.9891   -5.93173e-07
        70.0505   -5.75709e-07
        70.0663   -5.71173e-07
        70.0926   -5.63572e-07
        70.1013   -5.61027e-07
        70.2346   -5.21687e-07
        70.3731   -4.79572e-07
        70.3872   -4.75243e-07
        70.4666   -4.50501e-07
        70.5502   -4.24122e-07
        70.6116   -4.04532e-07
        70.6817   -3.81933e-07
        70.7238   -3.68272e-07
         70.784   -3.48607e-07
        70.7957   -3.44773e-07
        70.9079   -3.07721e-07
        71.0833   -2.49082e-07
        71.0885   -2.47311e-07
        71.1026   -2.42586e-07
        71.1324   -2.32532e-07
         71.282   -1.81838e-07
        71.3077   -1.73095e-07
        71.5234   -9.95981e-08
        71.6637   -5.17912e-08
        71.7496   -2.25805e-08
        71.7759   -1.36554e-08
        71.7899   -8.89925e-09
         71.804   -4.14594e-09
        71.9442    4.32001e-08
        71.9863    5.73253e-08
        72.0097    6.51544e-08
        72.1079    9.78786e-08
        72.1985    1.27816e-07
        72.2055    1.30122e-07
        72.2336    1.39331e-07
        72.4913    2.22487e-07
        72.5352    2.36337e-07
        72.5913    2.53925e-07
        72.6544    2.73517e-07
        72.7578    3.05152e-07
        72.7596    3.05683e-07
        72.7947    3.16262e-07
        72.9443    3.60549e-07
        72.9496    3.62079e-07
        72.9653    3.66661e-07
        72.9916    3.74259e-07
        73.0285    3.84817e-07
        73.0384     3.8765e-07
        73.0758    3.98254e-07
        73.1337    4.14459e-07
        73.2021    4.33294e-07
        73.2459    4.45183e-07
        73.2488     4.4597e-07
        73.2769    4.53495e-07
         73.281    4.54587e-07
         73.319    4.64666e-07
        73.3207    4.65128e-07
        73.3277    4.66975e-07
        73.3704    4.78127e-07
        73.4703    5.03665e-07
        73.5434    5.21799e-07
        73.5808    5.30906e-07
        73.6276    5.42115e-07
        73.7018    5.59507e-07
        73.7912    5.79788e-07
        73.8099    5.83936e-07
        73.8333    5.89074e-07
        73.8941    6.02188e-07
        73.9169    6.07014e-07
        73.9379    6.11424e-07
        73.9753    6.19157e-07
        74.0291    6.30031e-07
        74.1279    6.49251e-07
        74.2588    6.73188e-07
         74.291    6.78793e-07
        74.4429    7.03804e-07
        74.4499    7.04898e-07
        74.4646    7.07161e-07
         74.478    7.09223e-07
        74.4926    7.11442e-07
        74.5902    7.25666e-07
        74.5955    7.26403e-07
        74.6487    7.33682e-07
        74.7919    7.51714e-07
        74.8357    7.56774e-07
        74.8433    7.57629e-07
        74.9321     7.6714e-07
        75.0485    7.78233e-07
        75.0724    7.80326e-07
        75.2641    7.94691e-07
        75.2846    7.95974e-07
         75.353    7.99909e-07
        75.4903    8.06179e-07
        75.5166     8.0713e-07
        75.5652    8.08675e-07
        75.5915    8.09399e-07
        75.6476    8.10676e-07
        75.6774    8.11207e-07
        75.7271    8.11865e-07
        75.7498    8.12071e-07
         75.872    8.12164e-07
        75.9743    8.10932e-07
        75.9842    8.10749e-07
        76.0211    8.09974e-07
        76.2321    8.02598e-07
        76.2736    8.00565e-07
        76.2928    7.99556e-07
         76.349    7.96389e-07
        76.3951    7.93525e-07
        76.4051    7.92879e-07
        76.5003    7.86142e-07
        76.6944    7.69447e-07
        76.7435    7.64602e-07
        76.7791     7.6093e-07
        76.7996    7.58765e-07
        76.9188     7.4531e-07
        77.0176    7.33103e-07
        77.0685    7.26452e-07
        77.1433     7.1622e-07
        77.2046    7.07437e-07
        77.2841    6.95549e-07
        77.3683    6.82344e-07
        77.4151     6.7474e-07
        77.5553     6.5081e-07
        77.6202     6.3919e-07
        77.6787    6.28433e-07
         77.906     5.8409e-07
        77.9481    5.75467e-07
        77.9762    5.69648e-07
        77.9995    5.64758e-07
        78.0463    5.54865e-07
        78.1463    5.33233e-07
        78.1837    5.24972e-07
        78.2024    5.20808e-07
        78.2959     4.9967e-07
         78.331    4.91609e-07
        78.4829    4.55884e-07
        78.6729     4.0955e-07
        78.7635    3.86862e-07
        78.8599    3.62332e-07
         78.888    3.55127e-07
        78.9301    3.44265e-07
        79.0253    3.19443e-07
         79.044    3.14535e-07
        79.0791    3.05302e-07
        79.0937    3.01443e-07
        79.0984    3.00207e-07
        79.3877    2.22619e-07
        79.3883    2.22461e-07
         79.528    1.84377e-07
        79.5847    1.68838e-07
        79.5894    1.67555e-07
        79.6402    1.53585e-07
        79.7618    1.20094e-07
        79.8559    9.41183e-08
        80.0143    5.03821e-08
         80.061    3.74857e-08
        80.1224    2.05799e-08
        80.1458    1.41474e-08
        80.2066   -2.55254e-09
        80.2627   -1.79308e-08
        80.3346   -3.75718e-08
         80.403   -5.61786e-08
        80.4258   -6.23624e-08
         80.431    -6.3788e-08
        80.4468   -6.80617e-08
        80.4731   -7.51734e-08
        80.5099   -8.51056e-08
        80.5403   -9.32812e-08
        80.5573   -9.78314e-08
        80.6151   -1.13313e-07
        80.6835   -1.31498e-07
        80.7624   -1.52318e-07
        80.8238    -1.6838e-07
        80.8519   -1.75682e-07
         80.884   -1.84017e-07
        80.8957   -1.87039e-07
        80.9454   -1.99829e-07
        80.9518   -2.01478e-07
        81.0342   -2.22474e-07
        81.0623   -2.29561e-07
        81.1763   -2.58022e-07
        81.1833   -2.59755e-07
        81.2113   -2.66667e-07
        81.2727   -2.81663e-07
        81.3148   -2.91845e-07
        81.3235   -2.93956e-07
        81.3609    -3.0292e-07
        81.4568   -3.25572e-07
        81.5953   -3.57461e-07
        81.6094   -3.60632e-07
        81.7724   -3.96668e-07
         81.787    -3.9982e-07
        81.8338   -4.09821e-07
         81.887   -4.21033e-07
         81.946   -4.33268e-07
        81.9601   -4.36143e-07
        82.0179   -4.47865e-07
        82.1301   -4.69965e-07
        82.1938    -4.8213e-07
        82.2237   -4.87724e-07
        82.3055   -5.02759e-07
        82.3107   -5.03709e-07
        82.3248   -5.06233e-07
        82.3546   -5.11548e-07
        82.5299   -5.41487e-07
        82.6614   -5.62407e-07
        82.6708   -5.63843e-07
        82.7456   -5.75086e-07
        82.7544   -5.76375e-07
        82.8391   -5.88512e-07
        82.8859   -5.94959e-07
        82.9718    -6.0634e-07
        82.9981   -6.09702e-07
        83.0121   -6.11471e-07
        83.0262   -6.13225e-07
        83.1284    -6.2551e-07
        83.2085    -6.3451e-07
        83.4207   -6.55697e-07
        83.4277   -6.56331e-07
        83.4558   -6.58823e-07
        83.5142   -6.63794e-07
        83.5592   -6.67417e-07
        83.5966   -6.70293e-07
        83.7135   -6.78482e-07
        83.7574   -6.81241e-07
        83.8018   -6.83862e-07
        83.8766   -6.87878e-07
          83.98   -6.92609e-07
        83.9818   -6.92681e-07
        84.0169   -6.94063e-07
        84.0753    -6.9612e-07
        84.2606   -7.00624e-07
        84.3746   -7.01873e-07
        84.4991   -7.01919e-07
        84.5412   -7.01625e-07
        84.5429   -7.01609e-07
        84.5499   -7.01544e-07
        84.5645   -7.01394e-07
        84.7656   -6.97433e-07
         84.775   -6.97163e-07
        84.8451   -6.94898e-07
        84.8498   -6.94732e-07
        85.0321   -6.86802e-07
        85.0643   -6.85112e-07
        85.1023   -6.83003e-07
        85.1163   -6.82194e-07
        85.1601   -6.79561e-07
        85.2005   -6.76998e-07
        85.2513   -6.73575e-07
         85.481   -6.55513e-07
        85.5745   -6.46965e-07
        85.6651   -6.38042e-07
        85.6721   -6.37325e-07
        85.7002    -6.3442e-07
        85.7586    -6.2818e-07
        85.8124   -6.22216e-07
        86.0141   -5.97991e-07
        86.0369   -5.95073e-07
        86.0579   -5.92347e-07
        86.0953   -5.87426e-07
        86.1543   -5.79467e-07
        86.1865   -5.75036e-07
        86.2946   -5.59633e-07
        86.3385   -5.53175e-07
        86.5068   -5.27271e-07
        86.5752   -5.16263e-07
        86.6266   -5.07805e-07
        86.7529   -4.86421e-07
        86.7874    -4.8043e-07
        86.8137   -4.75818e-07
        86.8698    -4.6586e-07
        86.8838   -4.63346e-07
        86.8996   -4.60505e-07
        87.0942   -4.24479e-07
        87.1684    -4.1028e-07
        87.2433   -3.95728e-07
        87.4958   -3.44977e-07
         87.515   -3.41005e-07
        87.5384   -3.36172e-07
        87.5712   -3.29376e-07
        87.5852   -3.26452e-07
        87.6273   -3.17644e-07
        87.7208   -2.97877e-07
        87.7412   -2.93519e-07
        87.7576   -2.90024e-07
        87.9657   -2.44986e-07
        88.0218   -2.32669e-07
         88.141   -2.06288e-07
        88.2836   -1.74422e-07
        88.3655   -1.56013e-07
        88.4268   -1.42158e-07
        88.6092    -1.0081e-07
        88.7729   -6.35833e-08
        88.7775   -6.25193e-08
        88.8424    -4.7758e-08
         88.857   -4.44345e-08
        88.9009   -3.44676e-08
        89.1282    1.70574e-08
        89.1703    2.65472e-08
        89.1984    3.28629e-08
        89.2685    4.86103e-08
        89.3685    7.09323e-08
        89.4246    8.33946e-08
        89.4409    8.70192e-08
        89.4877    9.73481e-08
        89.7051    1.44783e-07
        89.7986    1.64842e-07
        89.9857    2.04233e-07
        90.0354    2.14518e-07
        90.0821    2.24125e-07
        90.1102    2.29854e-07
        90.1523    2.38397e-07
        90.2662    2.61218e-07
        90.2738    2.62722e-07
        90.3013    2.68143e-07
        90.3206    2.71931e-07
        90.3767     2.8287e-07
        90.6099    3.26946e-07
        90.6403    3.32517e-07
        90.7502    3.52303e-07
        90.8116    3.63107e-07
        90.8349    3.67175e-07
        91.0781    4.07854e-07
        91.2558    4.35609e-07
        91.2762    4.38693e-07
        91.2832    4.39745e-07
        91.3446     4.4883e-07
        91.3885    4.55188e-07
        91.4288    4.60939e-07
        91.4849    4.68782e-07
        91.5568    4.78558e-07
         91.648     4.9051e-07
        91.6532    4.91184e-07
        91.6573    4.91707e-07
         91.669    4.93196e-07
        91.6953    4.96515e-07
        91.7321     5.0109e-07
        91.7795    5.06848e-07
        91.8373    5.13695e-07
        91.8818    5.18807e-07
        91.9057    5.21513e-07
        91.9846     5.3016e-07
         92.046    5.36607e-07
        92.0741    5.39472e-07
        92.1179    5.43845e-07
         92.174    5.49257e-07
        92.1863    5.50413e-07
        92.2564    5.56825e-07
        92.2845    5.59298e-07
        92.4055    5.69352e-07
        92.4335    5.71541e-07
        92.4949    5.76143e-07
        92.5183    5.77828e-07
         92.537    5.79149e-07
        92.5457    5.79759e-07
        92.6773    5.88285e-07
         92.679    5.88391e-07
        92.8175    5.96054e-07
        92.8316    5.96755e-07
        92.9391    6.01674e-07
        92.9946    6.03895e-07
        93.0513     6.0594e-07
         93.056    6.06099e-07
        93.1069    6.07724e-07
        93.1653    6.09366e-07
        93.1682    6.09442e-07
        93.2401    6.11118e-07
        93.3523    6.13007e-07
        93.5277     6.1419e-07
        93.5329    6.14192e-07
         93.547    6.14188e-07
        93.5768    6.14135e-07
        93.7521    6.12573e-07
        93.8229    6.11342e-07
        93.8836    6.10009e-07
        93.9678    6.07747e-07
        93.9766    6.07484e-07
         94.007    6.06531e-07
        94.0379    6.05495e-07
        94.1081    6.02912e-07
         94.194    5.99301e-07
        94.2203    5.98097e-07
        94.2343    5.97437e-07
        94.2484    5.96763e-07
        94.4307     5.8684e-07
        94.4559    5.85303e-07
        94.4909    5.83093e-07
        94.6429    5.72616e-07
        94.6499    5.72098e-07
         94.678    5.69994e-07
        94.9357    5.48432e-07
        94.9796    5.44372e-07
        95.0853     5.3412e-07
        95.0988    5.32772e-07
        95.1695    5.25512e-07
        95.2022    5.22057e-07
         95.204    5.21871e-07
        95.2391    5.18101e-07
        95.2864    5.12907e-07
        95.4828    4.90093e-07
        95.7213    4.59777e-07
        95.7634    4.54145e-07
        95.7651    4.53908e-07
        95.7721    4.52961e-07
        95.8586    4.41094e-07
        95.8709    4.39383e-07
        95.9317    4.30812e-07
        95.9878    4.22758e-07
         96.072     4.1043e-07
        96.1743     3.9506e-07
        96.2543    3.82744e-07
        96.3245    3.71759e-07
        96.3385    3.69541e-07
        96.3823    3.62563e-07
        96.4735    3.47837e-07
        96.5583    3.33901e-07
        96.6068    3.25822e-07
        96.7032     3.0955e-07
        96.8873     2.7776e-07
        96.8943    2.76531e-07
        96.9224    2.71605e-07
        97.0346    2.51713e-07
        97.2363    2.15296e-07
        97.2591    2.11131e-07
        97.2643    2.10168e-07
        97.2684    2.09419e-07
        97.2737    2.08456e-07
        97.2801    2.07278e-07
        97.2965    2.04276e-07
        97.3064    2.02451e-07
        97.3432    1.95675e-07
        97.3765    1.89526e-07
        97.3906    1.86932e-07
        97.4484    1.76201e-07
        97.5168    1.63463e-07
        97.5607    1.55267e-07
        97.5957    1.48695e-07
        97.6852    1.31882e-07
         97.729    1.23614e-07
        97.7851    1.13011e-07
        97.7974    1.10688e-07
        97.8675    9.74017e-08
        97.8956    9.20802e-08
        97.9377    8.40921e-08
        97.9891    7.43213e-08
        98.0095    7.04334e-08
        98.0166    6.91003e-08
        98.0359    6.54338e-08
         98.092    5.47655e-08
        98.1218    4.90978e-08
        98.1481    4.40973e-08
        98.2901    1.71175e-08
        98.3164    1.21284e-08
        98.3836   -6.06083e-10
        98.4427   -1.17684e-08
        98.4655   -1.60722e-08
        98.6057   -4.24614e-08
         98.718   -6.34284e-08
        98.7203   -6.38637e-08
        98.7326   -6.61474e-08
        98.7372    -6.7017e-08
        98.7793   -7.48296e-08
        98.7934   -7.74284e-08
        98.8074   -8.00245e-08
        98.8495   -8.77957e-08
        98.8512   -8.81189e-08
        98.9634   -1.08704e-07
        99.1581   -1.43875e-07
        99.1879   -1.49195e-07
         99.244   -1.59157e-07
        99.2791   -1.65347e-07
        99.3632   -1.80087e-07
         99.462   -1.97163e-07
        99.5041   -2.04361e-07
        99.5789   -2.17038e-07
        99.5877   -2.18514e-07
         99.649    -2.2878e-07
        99.8051   -2.54376e-07
        99.8454   -2.60866e-07
        99.9997     -2.852e-07
        100.042   -2.91694e-07
        100.065   -2.95186e-07
        100.179   -3.12446e-07
        100.214   -3.17632e-07
        100.289   -3.28538e-07
         100.35    -3.3732e-07
        100.393   -3.43256e-07
        100.421   -3.47173e-07
        100.491   -3.56825e-07
        100.547   -3.64398e-07
        100.591   -3.70222e-07
        100.631   -3.75506e-07
        100.635   -3.76038e-07
        100.647   -3.77555e-07
        100.815    -3.9872e-07
         100.85   -4.02968e-07
        100.927   -4.12114e-07
        100.977   -4.17856e-07
        101.094   -4.30904e-07
        101.208   -4.42987e-07
        101.304   -4.52708e-07
        101.332   -4.55449e-07
        101.374   -4.59484e-07
        101.383   -4.60314e-07
        101.488    -4.6996e-07
        101.524   -4.73048e-07
        101.543   -4.74719e-07
        101.636   -4.82546e-07
        101.683   -4.86286e-07
         101.75   -4.91459e-07
        101.777   -4.93417e-07
        101.832    -4.9743e-07
        101.865   -4.99758e-07
        101.972   -5.06824e-07
        101.993    -5.0814e-07
        102.034   -5.10596e-07
          102.3   -5.24568e-07
        102.314   -5.25194e-07
        102.505   -5.32628e-07
        102.534   -5.33565e-07
        102.567    -5.3458e-07
        102.611   -5.35845e-07
        102.646   -5.36779e-07
        102.651   -5.36913e-07
        102.707   -5.38247e-07
        102.779   -5.39697e-07
         102.87   -5.41117e-07
        102.891   -5.41379e-07
        102.929   -5.41782e-07
        102.988   -5.42259e-07
        103.104   -5.42626e-07
        103.268   -5.41858e-07
        103.328   -5.41201e-07
         103.34    -5.4105e-07
        103.366   -5.40684e-07
        103.479   -5.38691e-07
        103.656   -5.34149e-07
        103.703   -5.32648e-07
        103.717    -5.3218e-07
        103.768   -5.30396e-07
        103.899   -5.25145e-07
        103.901   -5.25069e-07
        103.928   -5.23907e-07
         104.04   -5.18546e-07
        104.077   -5.16645e-07
        104.091   -5.15872e-07
        104.133   -5.13583e-07
        104.278   -5.05016e-07
        104.461   -4.92761e-07
        104.462   -4.92635e-07
        104.575   -4.84287e-07
        104.582     -4.837e-07
         104.75   -4.70065e-07
        104.755   -4.69617e-07
        104.799   -4.65832e-07
        104.855   -4.60862e-07
        104.949   -4.52271e-07
        104.974   -4.49842e-07
        105.106   -4.36983e-07
        105.199   -4.27465e-07
         105.26   -4.20989e-07
        105.264   -4.20552e-07
         105.33   -4.13406e-07
        105.443    -4.0088e-07
        105.457   -3.99281e-07
        105.471   -3.97675e-07
        105.676   -3.73377e-07
        105.774    -3.6116e-07
        105.865   -3.49675e-07
        105.872   -3.48775e-07
        106.032   -3.27891e-07
        106.071   -3.22651e-07
        106.102   -3.18474e-07
        106.144   -3.12758e-07
        106.202   -3.04818e-07
        106.321   -2.88181e-07
        106.424   -2.73459e-07
        106.448   -2.70097e-07
        106.461   -2.68158e-07
        106.509   -2.61298e-07
        106.538   -2.56953e-07
        106.611   -2.46311e-07
        106.616   -2.45534e-07
        106.632     -2.432e-07
        106.658     -2.393e-07
        106.695   -2.33818e-07
        106.742    -2.2673e-07
          106.8   -2.18013e-07
        106.869   -2.07635e-07
        106.943   -1.96194e-07
        106.948   -1.95566e-07
        106.986   -1.89721e-07
        106.987   -1.89451e-07
        107.037   -1.81775e-07
          107.1   -1.72064e-07
        107.137   -1.66232e-07
         107.21   -1.54793e-07
        107.247   -1.48913e-07
        107.368   -1.29801e-07
        107.443    -1.1792e-07
        107.458   -1.15595e-07
        107.477   -1.12616e-07
          107.5   -1.08889e-07
        107.547   -1.01425e-07
        107.548   -1.01145e-07
        107.561   -9.91838e-08
         107.57   -9.76888e-08
        107.642   -8.61823e-08
        107.696   -7.75619e-08
        107.794   -6.17043e-08
        107.829   -5.61638e-08
        107.911    -4.2919e-08
        107.958   -3.54983e-08
         108.11   -1.10988e-08
        108.117   -9.97411e-09
        108.131   -7.63158e-09
        108.145   -5.47714e-09
        108.178   -1.41014e-10
        108.315    2.18007e-08
         108.39    3.37025e-08
        108.458     4.4544e-08
        108.502    5.14726e-08
         108.51    5.26717e-08
        108.715    8.48196e-08
        108.739    8.85428e-08
        108.783     9.5334e-08
        108.847    1.05157e-07
        108.879    1.10181e-07
        108.931    1.18044e-07
        108.963    1.23026e-07
         109.02    1.31526e-07
         109.08    1.40586e-07
        109.157    1.52103e-07
         109.16    1.52537e-07
        109.183    1.56004e-07
        109.232    1.63163e-07
        109.258    1.67026e-07
        109.267     1.6831e-07
        109.344    1.79544e-07
        109.379    1.84608e-07
        109.394    1.86711e-07
        109.539    2.07304e-07
        109.641    2.21536e-07
        109.889    2.54975e-07
        109.899    2.56201e-07
         109.94    2.61612e-07
        109.959     2.6411e-07
        110.016    2.71315e-07
         110.03    2.73101e-07
        110.062    2.77174e-07
        110.167    2.90283e-07
        110.366    3.14157e-07
        110.389    3.16804e-07
         110.41    3.19233e-07
        110.446    3.23313e-07
        110.501    3.29582e-07
        110.585    3.38879e-07
          110.6    3.40468e-07
        110.735    3.54784e-07
         110.81    3.62429e-07
        110.871    3.68545e-07
        110.941    3.75359e-07
        110.951    3.76253e-07
        111.035    3.84149e-07
        111.222    4.00697e-07
        111.287    4.06108e-07
        111.287    4.06156e-07
        111.345    4.10835e-07
        111.476    4.20911e-07
        111.483    4.21431e-07
        111.573    4.27873e-07
        111.615    4.30788e-07
        111.643    4.32688e-07
        111.666    4.34247e-07
        111.813    4.43485e-07
        111.825    4.44215e-07
         111.85     4.4569e-07
        111.853     4.4586e-07
        111.869     4.4677e-07
        111.998    4.53777e-07
        112.036    4.55708e-07
        112.131    4.60266e-07
        112.339    4.68826e-07
         112.43     4.7193e-07
        112.524    4.74744e-07
        112.527    4.74826e-07
        112.555    4.75589e-07
        112.597    4.76666e-07
        112.598    4.76709e-07
        112.692    4.78806e-07
        112.711    4.79178e-07
        112.746    4.79832e-07
         112.76    4.80088e-07
        112.765    4.80167e-07
        113.055    4.83169e-07
        113.172    4.83298e-07
        113.195    4.83251e-07
        113.216    4.83187e-07
        113.256    4.83008e-07
        113.272    4.82918e-07
        113.428    4.81417e-07
        113.672    4.76907e-07
        113.681    4.76696e-07
        113.728    4.75513e-07
        113.756    4.74758e-07
         113.77    4.74351e-07
        113.789    4.73816e-07
        113.812    4.73126e-07
        113.833    4.72503e-07
        113.873    4.71223e-07
        113.929    4.69324e-07
        114.092    4.63046e-07
        114.098    4.62824e-07
        114.113    4.62154e-07
         114.14    4.61013e-07
        114.177    4.59367e-07
        114.207    4.57966e-07
        114.224    4.57169e-07
        114.282    4.54356e-07
         114.35    4.50856e-07
        114.429    4.46582e-07
        114.518    4.41438e-07
        114.562    4.38802e-07
        114.589    4.37183e-07
        114.612    4.35723e-07
        114.618    4.35317e-07
        114.701    4.29979e-07
        114.729    4.28103e-07
         114.85    4.19672e-07
        114.869    4.18278e-07
        114.878    4.17639e-07
        114.939    4.13092e-07
        114.955    4.11901e-07
        114.981    4.09896e-07
        115.028    4.06315e-07
        115.122    3.98786e-07
        115.123    3.98642e-07
        115.224    3.90254e-07
        115.262    3.86994e-07
        115.276    3.85778e-07
        115.439    3.71172e-07
        115.454    3.69822e-07
        115.554    3.60404e-07
        115.571    3.58777e-07
        115.613    3.54698e-07
        115.685    3.47607e-07
        115.797    3.36237e-07
         115.89    3.26491e-07
        115.972    3.17767e-07
        115.977      3.172e-07
        115.991    3.15685e-07
        116.021    3.12448e-07
        116.197    2.92954e-07
        116.295    2.81645e-07
        116.328    2.77849e-07
        116.337    2.76759e-07
        116.412    2.67977e-07
        116.421    2.66939e-07
        116.506     2.5683e-07
        116.638    2.40714e-07
        116.665    2.37479e-07
        116.679    2.35748e-07
        116.693    2.34014e-07
        116.786    2.22363e-07
        116.795    2.21263e-07
        116.833    2.16481e-07
        116.875    2.11157e-07
        117.087    1.83902e-07
        117.122    1.79336e-07
        117.184    1.71307e-07
        117.263     1.6084e-07
        117.366    1.47191e-07
         117.38    1.45321e-07
        117.424    1.39466e-07
        117.468    1.33514e-07
         117.48    1.31945e-07
        117.543    1.23453e-07
        117.574    1.19353e-07
        117.648    1.09232e-07
        117.675    1.05665e-07
        117.683    1.04475e-07
        117.731    9.80415e-08
        117.742    9.65307e-08
        117.833    8.41025e-08
        117.838    8.33844e-08
        117.854    8.12292e-08
         117.88    7.76353e-08
        117.917    7.25996e-08
        117.927      7.124e-08
        117.965    6.61191e-08
        118.022     5.8191e-08
        118.091    4.88138e-08
        118.138    4.23993e-08
        118.166    3.85501e-08
         118.17    3.79888e-08
        118.208    3.27764e-08
        118.217    3.15736e-08
        118.231    2.95691e-08
        118.259    2.57209e-08
        118.357     1.2341e-08
        118.359    1.20208e-08
        118.432    2.02015e-09
        118.442    7.41225e-10
         118.47   -3.09377e-09
        118.516   -9.47885e-09
        118.591   -1.95956e-08
        118.699   -3.42805e-08
        118.722   -3.74462e-08
        118.731   -3.86324e-08
        118.769   -4.37665e-08
        118.771   -4.40033e-08
        118.806   -4.87327e-08
        118.827   -5.15658e-08
        118.862   -5.63583e-08
        118.864   -5.65938e-08
        118.918   -6.38007e-08
        119.017   -7.69703e-08
        119.051   -8.15452e-08
        119.148   -9.42714e-08
        119.163   -9.63438e-08
         119.18   -9.84899e-08
        119.241   -1.06509e-07
        119.332   -1.18258e-07
        119.339   -1.19163e-07
        119.353   -1.21046e-07
        119.425   -1.30267e-07
        119.479   -1.37115e-07
        119.484   -1.37783e-07
        119.537   -1.44509e-07
         119.54   -1.44877e-07
        119.681   -1.62388e-07
        119.725   -1.67791e-07
        119.732   -1.68724e-07
        119.762   -1.72374e-07
        119.821   -1.79555e-07
        119.937    -1.9351e-07
        119.943   -1.94135e-07
        120.005    -2.0152e-07
        120.153   -2.18657e-07
        120.162   -2.19658e-07
        120.173    -2.2099e-07
        120.186   -2.22386e-07
        120.242   -2.28722e-07
        120.293   -2.34467e-07
        120.379   -2.43925e-07
        120.382   -2.44244e-07
        120.419   -2.48303e-07
        120.454   -2.52016e-07
         120.48   -2.54827e-07
        120.536   -2.60767e-07
        120.616   -2.69044e-07
        120.663   -2.73836e-07
        120.735   -2.81089e-07
        120.761   -2.83708e-07
        120.835   -2.90997e-07
        120.863   -2.93712e-07
        120.873   -2.94669e-07
         120.91   -2.98188e-07
        121.121     -3.176e-07
        121.162   -3.21263e-07
        121.238   -3.27785e-07
        121.252   -3.28979e-07
        121.294   -3.32525e-07
        121.387   -3.40207e-07
        121.389   -3.40348e-07
        121.424   -3.43156e-07
        121.472   -3.46884e-07
        121.536   -3.51875e-07
        121.583   -3.55388e-07
        121.611   -3.57461e-07
        121.632   -3.58999e-07
        121.668   -3.61572e-07
        121.688   -3.63029e-07
        121.723   -3.65494e-07
        121.808   -3.71242e-07
        121.939   -3.79741e-07
         121.95   -3.80431e-07
        121.957   -3.80865e-07
        122.032   -3.85387e-07
        122.093   -3.88951e-07
        122.172   -3.93338e-07
        122.257   -3.97805e-07
        122.304   -4.00159e-07
        122.439   -4.06543e-07
        122.509   -4.09559e-07
        122.524    -4.1017e-07
        122.567   -4.11957e-07
        122.792   -4.20001e-07
        122.795   -4.20093e-07
        122.837    -4.2139e-07
        122.865   -4.22218e-07
        122.888   -4.22885e-07
        122.935   -4.24159e-07
        123.035    -4.2661e-07
        123.047   -4.26886e-07
        123.075   -4.27494e-07
        123.108   -4.28155e-07
        123.141   -4.28799e-07
        123.154   -4.29047e-07
         123.22   -4.30159e-07
        123.372   -4.32122e-07
        123.465   -4.32902e-07
        123.562   -4.33363e-07
        123.652   -4.33482e-07
        123.693   -4.33436e-07
        123.702   -4.33417e-07
        123.777   -4.33147e-07
        123.819   -4.32904e-07
        123.914   -4.32113e-07
        123.933   -4.31919e-07
        123.968   -4.31519e-07
        123.987    -4.3128e-07
        124.123   -4.29219e-07
        124.277   -4.26076e-07
        124.277   -4.26062e-07
        124.307   -4.25354e-07
         124.38   -4.23484e-07
        124.438   -4.21869e-07
        124.478   -4.20673e-07
        124.494   -4.20189e-07
        124.502   -4.19953e-07
        124.529   -4.19084e-07
        124.651    -4.1492e-07
        124.745   -4.11347e-07
        124.756   -4.10906e-07
        124.922   -4.03783e-07
         124.95   -4.02519e-07
        125.011   -3.99606e-07
        125.035   -3.98464e-07
        125.055   -3.97449e-07
        125.151   -3.92486e-07
        125.223   -3.88592e-07
        125.292   -3.84737e-07
        125.315   -3.83419e-07
         125.32   -3.83113e-07
        125.336   -3.82189e-07
        125.362   -3.80631e-07
        125.399   -3.78415e-07
        125.429   -3.76554e-07
        125.446   -3.75504e-07
        125.464   -3.74372e-07
        125.504   -3.71855e-07
        125.548   -3.68986e-07
        125.572   -3.67413e-07
        125.616   -3.64493e-07
        125.651   -3.62117e-07
        125.713   -3.57873e-07
        125.741   -3.55897e-07
        125.811    -3.5086e-07
        125.834    -3.4915e-07
        125.841   -3.48677e-07
        125.923   -3.42516e-07
        125.951   -3.40376e-07
        126.065   -3.31468e-07
        126.072   -3.30909e-07
          126.1   -3.28659e-07
        126.161   -3.23667e-07
        126.185   -3.21739e-07
        126.204   -3.20188e-07
        126.212   -3.19458e-07
         126.25    -3.1632e-07
        126.344   -3.08277e-07
        126.346   -3.08125e-07
        126.381   -3.05021e-07
        126.498   -2.94634e-07
        126.606   -2.84805e-07
        126.661   -2.79631e-07
        126.676   -2.78259e-07
        126.723   -2.73837e-07
        126.765   -2.69819e-07
        126.816   -2.64859e-07
        126.832   -2.63326e-07
        126.835   -2.63042e-07
        126.849   -2.61675e-07
        126.863   -2.60304e-07
        126.907   -2.55995e-07
        127.019   -2.44798e-07
        127.112   -2.35293e-07
        127.194   -2.26852e-07
          127.2   -2.26305e-07
        127.214   -2.24846e-07
        127.243   -2.21734e-07
        127.419   -2.03147e-07
        127.489   -1.95522e-07
         127.55   -1.88913e-07
         127.56   -1.87892e-07
        127.634   -1.79682e-07
        127.643   -1.78716e-07
        127.674   -1.75357e-07
        127.775   -1.64105e-07
        127.861   -1.54455e-07
        127.887   -1.51486e-07
        127.901   -1.49899e-07
        128.017   -1.36672e-07
        128.097   -1.27497e-07
         128.12   -1.24876e-07
        128.158   -1.20565e-07
        128.179   -1.18136e-07
        128.309   -1.02953e-07
        128.317   -1.02137e-07
        128.345   -9.88688e-08
        128.448   -8.67812e-08
        128.485   -8.23982e-08
        128.588   -7.03165e-08
        128.602   -6.86663e-08
        128.752   -5.10321e-08
        128.765   -4.94456e-08
        128.836   -4.10958e-08
        128.869   -3.72301e-08
        128.871    -3.7023e-08
        128.897   -3.39162e-08
        128.906   -3.28806e-08
        128.953   -2.72885e-08
        128.964   -2.59769e-08
        129.149   -4.11347e-09
        129.263    9.29979e-09
        129.388    2.38999e-08
         129.43      2.882e-08
        129.432    2.90248e-08
        129.439    2.98439e-08
        129.453    3.15495e-08
        129.525    3.99246e-08
        129.552    4.29812e-08
        129.654    5.48937e-08
        129.664     5.5973e-08
        129.739    6.45849e-08
        129.841    7.62869e-08
        129.879    8.06104e-08
        129.921    8.53842e-08
        129.953    8.90195e-08
        129.991    9.33027e-08
        129.993       9.35e-08
        130.005    9.48805e-08
        130.049    9.97981e-08
        130.089    1.04304e-07
        130.225    1.19321e-07
        130.273     1.2464e-07
         130.37    1.35124e-07
        130.386    1.36829e-07
        130.463    1.45173e-07
        130.554    1.54789e-07
        130.561    1.55528e-07
        130.589    1.58479e-07
        130.666     1.6653e-07
        130.701    1.70158e-07
        130.926    1.92899e-07
        130.935    1.93828e-07
         130.94    1.94349e-07
        130.947    1.94986e-07
        130.984    1.98677e-07
        131.043     2.0445e-07
        131.183    2.17903e-07
        131.227    2.22028e-07
        131.321      2.307e-07
        131.396    2.37507e-07
        131.408    2.38613e-07
        131.452    2.42535e-07
        131.464    2.43626e-07
        131.515    2.48162e-07
        131.604     2.5586e-07
        131.656    2.60235e-07
        131.702    2.64161e-07
        131.759    2.68804e-07
        131.773    2.69954e-07
        131.788    2.71241e-07
        131.885    2.78981e-07
        131.955     2.8447e-07
        131.983    2.86631e-07
         132.05    2.91731e-07
        132.057    2.92257e-07
        132.132    2.97786e-07
        132.329    3.11656e-07
        132.385    3.15383e-07
        132.387    3.15538e-07
        132.404    3.16658e-07
        132.474     3.2121e-07
        132.516    3.23878e-07
         132.61    3.29633e-07
         132.63     3.3086e-07
        132.833     3.4242e-07
        132.854    3.43549e-07
        132.911    3.46498e-07
        132.946    3.48295e-07
        132.988    3.50434e-07
         133.03    3.52463e-07
        133.035    3.52717e-07
        133.129    3.57092e-07
        133.171    3.58977e-07
        133.172    3.59054e-07
        133.254    3.62565e-07
        133.316    3.65068e-07
        133.395     3.6812e-07
        133.498    3.71838e-07
        133.666    3.77195e-07
        133.731    3.79029e-07
        133.734    3.79092e-07
        133.746    3.79424e-07
        133.881    3.82766e-07
        134.017    3.85569e-07
        134.087     3.8679e-07
        134.157    3.87858e-07
        134.257    3.89117e-07
         134.27     3.8925e-07
        134.298    3.89538e-07
        134.302    3.89577e-07
        134.313    3.89689e-07
         134.33    3.89837e-07
        134.376    3.90215e-07
        134.564    3.91053e-07
        134.594    3.91086e-07
        134.629     3.9109e-07
        134.644     3.9108e-07
        134.666    3.91052e-07
        134.915    3.89715e-07
        134.924    3.89628e-07
        134.971    3.89152e-07
        134.999    3.88835e-07
        135.041    3.88315e-07
        135.149    3.86742e-07
        135.155    3.86637e-07
         135.19    3.86043e-07
        135.209      3.857e-07
        135.265     3.8464e-07
        135.417    3.81316e-07
        135.443     3.8067e-07
        135.499    3.79239e-07
        135.529    3.78417e-07
        135.639    3.75226e-07
         135.66    3.74575e-07
        135.716    3.72777e-07
        135.884    3.66852e-07
        135.967    3.63662e-07
        136.145    3.56154e-07
        136.165    3.55235e-07
        136.172    3.54917e-07
        136.201    3.53606e-07
        136.233    3.52081e-07
        136.277    3.49995e-07
        136.318    3.48031e-07
        136.355    3.46172e-07
        136.374    3.45228e-07
        136.446    3.41519e-07
        136.537    3.36626e-07
        136.542    3.36338e-07
        136.558    3.35468e-07
        136.574    3.34559e-07
        136.584    3.34004e-07
        136.595    3.33381e-07
        136.621    3.31926e-07
        136.668    3.29205e-07
        136.726    3.25806e-07
        136.771    3.23142e-07
        136.795    3.21685e-07
        136.873    3.16794e-07
        136.935    3.12889e-07
        136.963    3.11075e-07
        136.995    3.08975e-07
        137.007    3.08206e-07
        137.033    3.06463e-07
        137.063     3.0447e-07
        137.075    3.03643e-07
        137.145    2.98857e-07
        137.173    2.96913e-07
        137.215    2.93964e-07
        137.294    2.88335e-07
        137.322    2.86303e-07
        137.407    2.80065e-07
        137.426    2.78669e-07
        137.435    2.78012e-07
        137.566    2.67979e-07
        137.568    2.67843e-07
        137.706    2.56915e-07
         137.72    2.55789e-07
        137.758    2.52768e-07
          137.8     2.4934e-07
        137.848    2.45351e-07
        137.883    2.42441e-07
        137.945      2.373e-07
        137.987    2.33739e-07
        137.996    2.32994e-07
         138.01    2.31748e-07
        138.054    2.27992e-07
        138.057    2.27741e-07
        138.129    2.21512e-07
        138.241    2.11634e-07
        138.416    1.95842e-07
        138.422    1.95362e-07
        138.436    1.94079e-07
        138.466    1.91346e-07
        138.557    1.82917e-07
        138.615     1.7746e-07
        138.641    1.75047e-07
        138.712    1.68371e-07
        138.772     1.6259e-07
        138.857    1.54521e-07
        138.865    1.53677e-07
        138.927    1.47745e-07
        138.931    1.47348e-07
        138.997    1.40923e-07
        139.083    1.32508e-07
        139.123    1.28537e-07
        139.137    1.27153e-07
         139.32    1.09032e-07
         139.38    1.03002e-07
        139.441     9.6833e-08
        139.457    9.52435e-08
        139.474    9.35349e-08
        139.532    8.76913e-08
        139.539     8.6982e-08
        139.567    8.41423e-08
        139.764    6.41202e-08
         139.81    5.93493e-08
        139.825     5.7917e-08
        139.868    5.34382e-08
        139.909    4.93145e-08
        139.988    4.12392e-08
        140.058    3.39959e-08
        140.091    3.06427e-08
        140.093    3.04631e-08
        140.114    2.82475e-08
        140.119    2.77684e-08
        140.128    2.68702e-08
        140.175      2.202e-08
        140.277    1.15457e-08
        140.283    1.10073e-08
        140.299    9.39232e-09
        140.325    6.70149e-09
        140.362    2.93624e-09
        140.372    1.92064e-09
        140.409   -1.90098e-09
        140.467    -7.8062e-09
        140.535   -1.47734e-08
         140.61   -2.23782e-08
        140.614   -2.27936e-08
        140.652   -2.66469e-08
        140.654   -2.68246e-08
        140.661   -2.75353e-08
        140.704   -3.18542e-08
        140.747    -3.6283e-08
        140.804   -4.19382e-08
         140.82   -4.36434e-08
        140.914   -5.30226e-08
        140.961   -5.76928e-08
        141.035   -6.50778e-08
        141.101   -7.16166e-08
         141.11   -7.24822e-08
        141.124   -7.39236e-08
        141.143   -7.57662e-08
        141.167   -7.80657e-08
        141.213   -8.26517e-08
        141.215   -8.28233e-08
        141.227    -8.4024e-08
        141.271   -8.83019e-08
        141.309   -9.19393e-08
        141.362   -9.71462e-08
        141.447   -1.05298e-07
        141.461    -1.0664e-07
        141.484   -1.08818e-07
        141.496   -1.09933e-07
        141.592   -1.19074e-07
        141.608    -1.2056e-07
        141.624   -1.22099e-07
        141.783   -1.36887e-07
        141.798   -1.38231e-07
        141.811   -1.39466e-07
        141.923   -1.49682e-07
        141.982   -1.54939e-07
        142.125   -1.67622e-07
        142.157    -1.7043e-07
        142.169   -1.71447e-07
        142.177   -1.72107e-07
        142.265   -1.79763e-07
        142.382   -1.89604e-07
        142.406   -1.91606e-07
        142.449   -1.95243e-07
        142.513   -2.00474e-07
        142.597   -2.07281e-07
        142.618   -2.08917e-07
         142.63   -2.09896e-07
        142.644   -2.11011e-07
        142.674   -2.13369e-07
        142.756   -2.19807e-07
        142.824   -2.24968e-07
        142.826   -2.25191e-07
         142.85   -2.26965e-07
        142.878   -2.29082e-07
        142.898   -2.30616e-07
        142.925   -2.32577e-07
        142.981   -2.36717e-07
        143.011   -2.38892e-07
         143.06   -2.42479e-07
        143.107   -2.45811e-07
        143.205   -2.52669e-07
        143.215   -2.53312e-07
        143.307   -2.59607e-07
        143.354   -2.62707e-07
        143.565   -2.76126e-07
        143.609   -2.78795e-07
        143.626   -2.79816e-07
        143.682   -2.83149e-07
        143.696   -2.83972e-07
        143.728   -2.85841e-07
        143.738   -2.86414e-07
         143.74   -2.86515e-07
        143.834   -2.91796e-07
         143.86   -2.93245e-07
        144.028    -3.0212e-07
        144.056    -3.0354e-07
        144.077   -3.04594e-07
        144.112   -3.06356e-07
        144.133   -3.07353e-07
        144.168   -3.09039e-07
        144.252   -3.12968e-07
        144.257   -3.13208e-07
        144.351   -3.17363e-07
        144.402   -3.19534e-07
        144.413   -3.20024e-07
        144.476   -3.22614e-07
        144.538   -3.25038e-07
        144.617   -3.28018e-07
        144.617    -3.2804e-07
        144.701   -3.31048e-07
        144.734    -3.3217e-07
        144.889   -3.37099e-07
        144.953   -3.38992e-07
        144.954   -3.39009e-07
        144.956   -3.39058e-07
        145.012   -3.40606e-07
        145.103   -3.42951e-07
        145.239   -3.46058e-07
        145.281   -3.46922e-07
        145.309   -3.47473e-07
        145.333   -3.47917e-07
        145.349   -3.48208e-07
         145.38   -3.48761e-07
        145.422   -3.49474e-07
        145.492   -3.50559e-07
        145.517   -3.50917e-07
         145.52   -3.50958e-07
        145.536   -3.51173e-07
        145.664   -3.52688e-07
        145.739   -3.53373e-07
        145.816   -3.53927e-07
        145.851   -3.54129e-07
        145.866   -3.54203e-07
        146.006   -3.54638e-07
        146.081   -3.54663e-07
        146.097   -3.54649e-07
        146.137   -3.54587e-07
         146.19    -3.5444e-07
        146.193    -3.5443e-07
        146.221   -3.54322e-07
        146.263   -3.54121e-07
        146.359     -3.535e-07
        146.377   -3.53351e-07
        146.412   -3.53047e-07
        146.427   -3.52912e-07
        146.639   -3.50335e-07
        146.707   -3.49264e-07
        146.721    -3.4904e-07
        146.721    -3.4903e-07
        146.754   -3.48465e-07
        146.826    -3.4713e-07
        146.848   -3.46703e-07
        146.861   -3.46432e-07
        146.882      -3.46e-07
        146.923   -3.45139e-07
        146.938   -3.44792e-07
        147.095   -3.41015e-07
        147.189   -3.38462e-07
        147.347    -3.3369e-07
        147.423   -3.31212e-07
        147.437   -3.30737e-07
        147.456   -3.30095e-07
        147.479   -3.29283e-07
        147.499   -3.28561e-07
         147.54   -3.27111e-07
        147.596   -3.25031e-07
        147.668   -3.22263e-07
        147.759   -3.18586e-07
        147.764   -3.18369e-07
         147.78   -3.17712e-07
        147.806   -3.16605e-07
        147.843    -3.1503e-07
        147.874   -3.13708e-07
         147.89   -3.12961e-07
        147.948   -3.10368e-07
        148.017   -3.07211e-07
        148.096   -3.03446e-07
        148.157   -3.00428e-07
        148.185   -2.99023e-07
        148.217   -2.97393e-07
        148.229   -2.96795e-07
        148.241   -2.96164e-07
        148.255    -2.9544e-07
        148.279   -2.94223e-07
        148.285   -2.93887e-07
        148.357   -2.90037e-07
        148.395   -2.87978e-07
         148.47   -2.83874e-07
        148.516   -2.81234e-07
        148.545    -2.7963e-07
        148.606    -2.7607e-07
        148.648   -2.73589e-07
        148.657   -2.73068e-07
        148.694   -2.70829e-07
        148.788   -2.65085e-07
         148.79   -2.64977e-07
        148.816   -2.63342e-07
        148.929   -2.56234e-07
        148.943    -2.5533e-07
        149.022   -2.50147e-07
        149.071   -2.46932e-07
        149.106   -2.44584e-07
         149.12     -2.436e-07
        149.167   -2.40428e-07
        149.209   -2.37544e-07
         149.22   -2.36778e-07
        149.279   -2.32675e-07
        149.448   -2.20692e-07
        149.463   -2.19547e-07
        149.557   -2.12693e-07
        149.639   -2.06597e-07
        149.644   -2.06202e-07
        149.658   -2.05148e-07
        149.667   -2.04487e-07
        149.688   -2.02898e-07
        149.837   -1.91433e-07
        149.863   -1.89435e-07
        149.878   -1.88296e-07
        149.962   -1.81688e-07
        149.995   -1.79097e-07
        150.004   -1.78354e-07
        150.079   -1.72378e-07
        150.088   -1.71674e-07
        150.172   -1.64825e-07
        150.219   -1.61016e-07
        150.242   -1.59103e-07
        150.305    -1.5396e-07
        150.331   -1.51786e-07
        150.359   -1.49461e-07
        150.462   -1.40923e-07
        150.542   -1.34179e-07
        150.663   -1.23844e-07
        150.696   -1.21043e-07
        150.754   -1.16074e-07
        150.761    -1.1547e-07
        150.789   -1.13052e-07
         150.92   -1.01652e-07
         150.93   -1.00837e-07
        151.033   -9.18483e-08
        151.047   -9.06185e-08
        151.091   -8.67694e-08
        151.103   -8.56901e-08
        151.135   -8.28604e-08
        151.147   -8.18303e-08
         151.21   -7.62586e-08
         151.24   -7.35706e-08
        151.313   -6.70964e-08
        151.315   -6.69409e-08
        151.341    -6.4606e-08
        151.397   -5.96184e-08
        151.409   -5.86304e-08
          151.5   -5.05073e-08
        151.594    -4.2108e-08
        151.832   -2.07855e-08
        151.874   -1.70217e-08
        151.876   -1.68649e-08
        151.883   -1.62377e-08
        151.898   -1.49311e-08
        151.988   -6.83408e-09
        152.026   -3.49344e-09
        152.099    3.02509e-09
        152.108    3.85878e-09
        152.183    1.05217e-08
        152.323    2.29763e-08
        152.332    2.37527e-08
        152.347    2.50462e-08
        152.397    2.95418e-08
        152.435    3.28944e-08
        152.437     3.3049e-08
        152.449    3.41308e-08
        152.493    3.79895e-08
        152.529    4.11218e-08
        152.549    4.29165e-08
        152.585    4.59885e-08
        152.718    5.76057e-08
        152.814    6.59513e-08
         152.83    6.73116e-08
        152.856    6.95753e-08
        152.908     7.3989e-08
         152.95    7.75871e-08
        152.998    8.17194e-08
        153.005    8.23155e-08
        153.033    8.46961e-08
        153.067    8.75155e-08
        153.092    8.96367e-08
        153.146    9.41587e-08
        153.204    9.90472e-08
        153.347    1.10901e-07
        153.429    1.17543e-07
        153.488    1.22329e-07
        153.628    1.33562e-07
        153.672     1.3703e-07
         153.82     1.4857e-07
        153.828    1.49247e-07
         153.84    1.50147e-07
        153.852    1.51091e-07
        153.896    1.54447e-07
        153.908    1.55382e-07
         153.96    1.59283e-07
        153.979    1.60693e-07
        154.007      1.628e-07
        154.049    1.65942e-07
        154.072    1.67678e-07
        154.086    1.68716e-07
        154.121    1.71257e-07
        154.147    1.73185e-07
        154.156    1.73825e-07
        154.203    1.77266e-07
        154.233    1.79417e-07
        154.329    1.86293e-07
        154.502    1.98256e-07
        154.576    2.03311e-07
        154.829    2.19734e-07
        154.848    2.20947e-07
        154.904    2.24441e-07
        154.918    2.25306e-07
        154.951    2.27277e-07
         154.96    2.27883e-07
        155.054    2.33502e-07
        155.091    2.35674e-07
        155.138    2.38432e-07
        155.255    2.45076e-07
        155.278    2.46343e-07
        155.299    2.47505e-07
        155.355    2.50563e-07
         155.39    2.52446e-07
        155.474    2.56874e-07
        155.479    2.57146e-07
        155.617    2.64077e-07
        155.624    2.64421e-07
        155.636    2.64993e-07
        155.699    2.68037e-07
         155.76    2.70923e-07
        155.839    2.74527e-07
         155.84    2.74553e-07
        156.064    2.84135e-07
        156.106     2.8582e-07
        156.111    2.86005e-07
        156.176    2.88527e-07
         156.19    2.89083e-07
        156.307    2.93377e-07
        156.365    2.95398e-07
        156.459     2.9852e-07
        156.461    2.98614e-07
        156.504    2.99957e-07
        156.602    3.02946e-07
        156.702     3.0578e-07
        156.714    3.06114e-07
        156.739    3.06787e-07
        156.742    3.06864e-07
        156.758    3.07279e-07
        156.774    3.07703e-07
        156.952    3.11958e-07
        157.038    3.13766e-07
        157.073    3.14458e-07
        157.111    3.15167e-07
        157.116    3.15264e-07
        157.132    3.15552e-07
        157.158    3.16021e-07
        157.195    3.16652e-07
        157.242     3.1742e-07
          157.3    3.18293e-07
        157.303    3.18335e-07
        157.319    3.18559e-07
        157.359    3.19108e-07
        157.369     3.1923e-07
        157.415    3.19813e-07
        157.439    3.20087e-07
        157.443     3.2014e-07
        157.447    3.20186e-07
        157.485    3.20598e-07
        157.537    3.21106e-07
        157.635    3.21912e-07
        157.637    3.21928e-07
        157.649    3.22014e-07
        157.654    3.22046e-07
        157.747    3.22584e-07
        157.789    3.22764e-07
        157.868    3.22998e-07
        157.943    3.23096e-07
        157.974      3.231e-07
            158    3.23088e-07
        158.048    3.23027e-07
        158.083    3.22951e-07
        158.104    3.22893e-07
        158.142    3.22765e-07
        158.145    3.22754e-07
        158.161     3.2269e-07
        158.168    3.22658e-07
        158.294    3.21935e-07
        158.411    3.20961e-07
        158.441    3.20666e-07
        158.457    3.20496e-07
         158.57    3.19178e-07
        158.589    3.18925e-07
        158.616     3.1855e-07
        158.631    3.18345e-07
        158.678    3.17657e-07
        158.722    3.16971e-07
        158.762    3.16304e-07
        158.815    3.15373e-07
        158.818     3.1532e-07
         158.89    3.13964e-07
        158.981    3.12091e-07
         159.01    3.11468e-07
        159.131    3.08652e-07
        159.215    3.06519e-07
         159.22    3.06381e-07
        159.264    3.05209e-07
        159.379    3.01952e-07
        159.431    3.00413e-07
        159.451    2.99786e-07
        159.477    2.98969e-07
        159.501    2.98231e-07
         159.59    2.95333e-07
        159.618    2.94386e-07
        159.657     2.9304e-07
        159.758    2.89431e-07
          159.8    2.87874e-07
        159.828    2.86817e-07
        159.851    2.85925e-07
        159.879    2.84865e-07
        159.894    2.84295e-07
         159.94    2.82447e-07
