1-11:cd si 12-22:btin 23:cd100 24:vacancy111 25:vacancy211
Energy(eV)                   Hartree             natoms
-2.176885234378e+02	1.068474415803e+01	2
-2.183142866110e+02	1.151167465184e+01	2
-2.187617511002e+02	1.230924184877e+01	2
-2.190527172587e+02	1.307175835408e+01	2
-2.192102889284e+02	1.382652399879e+01	2
-2.192577820968e+02	1.456166251699e+01	2
-2.192174682273e+02	1.529604284530e+01	2
-2.191095668850e+02	1.603417558795e+01	2
-2.189515040658e+02	1.676827943795e+01	2
-2.187565827392e+02	1.750798933558e+01	2
-2.185349150898e+02	1.823939700008e+01	2
-2.173985201755e+02	1.193739255000e+00	2
-2.180218989876e+02	1.341701702235e+00	2
-2.184544504416e+02	1.517957658271e+00	2
-2.187298641747e+02	1.724121112377e+00	2
-2.188772162664e+02	1.959863660926e+00	2
-2.189213373905e+02	2.226489108079e+00	2
-2.188840822291e+02	2.527307901179e+00	2
-2.187842717694e+02	2.864154928240e+00	2
-2.186383614822e+02	3.238194493318e+00	2
-2.184585384807e+02	3.642940865275e+00	2
-2.182546863598e+02	4.080030546158e+00	2
-982.896158102066       2712.411063923290       9
-764.666675400312       69.637549704694         7
-1641.407445497229      146.510124840659        15
