              0      0.0226331
     0.00477134       -7.10522
      0.0190854       -1.75935
      0.0429421      -0.769397
      0.0763415      -0.422945
       0.119284      -0.262625
       0.171768      -0.175582
       0.233796      -0.123149
       0.305366     -0.0891771
       0.386479     -0.0659505
       0.477134     -0.0494067
       0.577333     -0.0372409
       0.687073     -0.0280661
       0.806357     -0.0210069
       0.935183     -0.0154884
        1.07355     -0.0111201
        1.22146    -0.00762933
        1.37892    -0.00482064
        1.54592     -0.0025511
        1.72245   -0.000714128
        1.90854    0.000771169
        2.10416     0.00196717
        2.30933     0.00292281
        2.52404     0.00367707
        2.74829     0.00426158
        2.98209     0.00470246
        3.22543     0.00502159
        3.47831     0.00523763
        3.74073     0.00536665
         4.0127      0.0054226
        4.29421     0.00541766
        4.58526     0.00536244
        4.88586     0.00526618
        5.19599     0.00513685
        5.51567     0.00498131
         5.8449     0.00480538
        6.18366     0.00461403
        6.53197     0.00441141
        6.88982     0.00420104
        7.25721     0.00398585
        7.63415     0.00376828
        8.02063     0.00355038
        8.41665     0.00333379
        8.82221     0.00311987
        9.23732     0.00290967
        9.66197       0.002704
        10.0962     0.00250345
        10.5399     0.00230845
        10.9932     0.00211932
         11.456     0.00193631
        11.9284      0.0017597
        12.4103     0.00158979
        12.9017     0.00142695
        13.4027     0.00127162
        13.9132     0.00112434
        14.4333     0.00098564
        14.9629     0.00085605
        15.5021    0.000736018
        16.0508    0.000625859
         16.609    0.000525712
        16.8333    0.000488725
        16.8381    0.000487957
        16.8524     0.00048566
        16.8762    0.000481848
        16.9096    0.000476544
        16.9526    0.000469782
        17.0051    0.000461605
        17.0671    0.000452065
        17.1387    0.000441222
        17.1768     0.00043551
        17.2198    0.000429144
        17.3104    0.000415907
        17.4106    0.000401594
        17.5204    0.000386295
        17.6397    0.000370105
        17.7542    0.000354984
        17.7685    0.000353123
        17.9069    0.000335453
        18.0548    0.000317201
        18.2122    0.000298477
         18.341    0.000283682
        18.3792    0.000279388
        18.5558    0.000260044
        18.7418    0.000240552
        18.9375    0.000221017
        19.1426    0.000201541
        19.3573    0.000182221
        19.5434     0.00016632
        19.5816    0.000163152
        19.8154    0.000144421
        20.0587    0.000126112
        20.1589    0.000118911
        20.3116    0.000108303
         20.574    9.10677e-05
         20.784    7.81497e-05
         20.846     7.4476e-05
        21.1275    5.85942e-05
        21.4186    4.34863e-05
        21.7192    2.92146e-05
        22.0293    1.58403e-05
        22.0627    1.44791e-05
         22.349    3.42444e-06
        22.4444   -2.14094e-08
        22.4492   -1.90619e-07
        22.4635   -6.96495e-07
        22.4873   -1.53379e-06
        22.5207    -2.6938e-06
        22.5637   -4.16441e-06
        22.6162   -5.93017e-06
        22.6782    -7.9724e-06
        22.7164   -9.20532e-06
        22.7498   -1.02693e-05
        22.8309    -1.2796e-05
        22.9215    -1.5525e-05
         23.017   -1.82903e-05
        23.0217   -1.84257e-05
        23.1315   -2.14653e-05
        23.2508   -2.46086e-05
        23.3653   -2.74709e-05
        23.3796   -2.78181e-05
         23.518   -3.10544e-05
        23.6659   -3.42767e-05
        23.7231   -3.54591e-05
        23.8233   -3.74423e-05
        23.9903   -4.05077e-05
        24.0523   -4.15711e-05
        24.0905   -4.22054e-05
        24.1669   -4.34287e-05
        24.3148   -4.56288e-05
        24.3195   -4.56961e-05
        24.3339   -4.58966e-05
        24.3529   -4.61607e-05
        24.3577   -4.62261e-05
        24.3911   -4.66779e-05
         24.434   -4.72424e-05
        24.4674   -4.76689e-05
        24.4865   -4.79077e-05
        24.5486   -4.86591e-05
        24.6201   -4.94796e-05
        24.7012   -5.03502e-05
        24.7346   -5.06905e-05
        24.7537   -5.08802e-05
        24.7919   -5.12495e-05
        24.8539   -5.18206e-05
        24.8921   -5.21543e-05
        24.9684   -5.27819e-05
        25.0018   -5.30399e-05
        25.1211     -5.388e-05
        25.1927    -5.4324e-05
        25.2499   -5.46473e-05
        25.3883   -5.53137e-05
        25.4265   -5.54695e-05
        25.5362   -5.58508e-05
        25.6555    -5.6156e-05
        25.6698   -5.61851e-05
        25.6937   -5.62301e-05
        25.8607   -5.64239e-05
        25.9227    -5.6443e-05
        26.0372   -5.64054e-05
        26.0706    -5.6377e-05
        26.1279   -5.63103e-05
        26.1851   -5.62212e-05
        26.2233   -5.61496e-05
        26.4189   -5.56339e-05
        26.4571   -5.55051e-05
        26.4953   -5.53674e-05
        26.6241   -5.48386e-05
        26.7386   -5.42885e-05
        26.8388    -5.3748e-05
        26.9295   -5.32135e-05
        27.0297   -5.25745e-05
        27.0631   -5.23507e-05
        27.2969   -5.06406e-05
        27.3303   -5.03769e-05
        27.3732   -5.00311e-05
        27.5402   -4.86177e-05
        27.5593   -4.84496e-05
        27.6404   -4.77204e-05
        27.7931   -4.62885e-05
        27.8265   -4.59655e-05
        27.9601   -4.46415e-05
        28.0555   -4.36664e-05
        28.2893   -4.11881e-05
        28.3275   -4.07728e-05
         28.609   -3.76363e-05
        28.6281   -3.74197e-05
        28.7617   -3.58922e-05
           28.9   -3.42936e-05
        28.9764   -3.34063e-05
        29.0289   -3.27948e-05
        29.2006   -3.07884e-05
        29.2436   -3.02864e-05
        29.3342   -2.92273e-05
        29.5108   -2.71717e-05
        29.7016   -2.49691e-05
         29.735   -2.45866e-05
         29.778   -2.40964e-05
        29.8304   -2.34997e-05
        30.0785   -2.07232e-05
        30.1597   -1.98337e-05
         30.236    -1.9006e-05
         30.465   -1.65829e-05
        30.4984   -1.62377e-05
        30.5366   -1.58459e-05
        30.7465   -1.37451e-05
        30.8467   -1.27766e-05
         30.861   -1.26402e-05
        31.2046   -9.51435e-06
        31.2666   -8.98187e-06
        31.3048   -8.65923e-06
         31.572   -6.51109e-06
        31.6817   -5.68612e-06
        31.7962   -4.86169e-06
        31.9489   -3.82102e-06
        32.0825   -2.96587e-06
        32.1064   -2.81864e-06
        32.3354   -1.48982e-06
        32.5406   -4.29406e-07
        32.7314    4.47624e-07
        32.8698     1.0184e-06
        32.8841    1.07436e-06
        32.9843    1.45003e-06
         33.137    1.96916e-06
        33.4376    2.80858e-06
        33.4423       2.82e-06
        33.5521    3.06693e-06
        33.6666    3.29271e-06
        33.9004    3.65654e-06
        33.9767    3.74822e-06
        34.0101    3.78428e-06
        34.3728    4.02548e-06
        34.4109    4.03571e-06
         34.473    4.04655e-06
        34.5875    4.04835e-06
        34.8547    3.96688e-06
        35.1743     3.7302e-06
        35.2889    3.61347e-06
        35.3079    3.59254e-06
        35.3461    3.54947e-06
        35.7708    2.97462e-06
        35.8471    2.85551e-06
        36.1143    2.41035e-06
        36.2431    2.18312e-06
        36.3576    1.97607e-06
        36.3767    1.94118e-06
         36.725    1.29253e-06
        36.8777    1.00556e-06
        36.9493    8.71468e-07
        36.9922    7.91282e-07
        37.2165    3.77724e-07
        37.4073    3.59284e-08
        37.6173   -3.24842e-07
        37.7175   -4.90233e-07
        37.7938   -6.12935e-07
        37.9465   -8.49026e-07
         38.228   -1.24824e-06
        38.2519   -1.27975e-06
        38.4952   -1.57899e-06
        38.6479   -1.74521e-06
        38.7481   -1.84491e-06
         38.896   -1.97817e-06
        39.0534   -2.10147e-06
        39.2777   -2.24362e-06
        39.2825   -2.24622e-06
        39.2968   -2.25389e-06
        39.3206   -2.26633e-06
         39.354     -2.283e-06
         39.397   -2.30314e-06
        39.4495   -2.32579e-06
        39.5115    -2.3498e-06
        39.5497   -2.36308e-06
        39.5831   -2.37377e-06
        39.6212   -2.38493e-06
        39.6642   -2.39615e-06
        39.7548    -2.4152e-06
        39.8169   -2.42464e-06
         39.855   -2.42901e-06
        39.9648   -2.43553e-06
        40.0841   -2.43264e-06
        40.1986    -2.4203e-06
        40.2129   -2.41811e-06
        40.3513   -2.38974e-06
        40.3656   -2.38607e-06
        40.3847   -2.38097e-06
        40.4992   -2.34536e-06
        40.6566   -2.28291e-06
        40.7854   -2.22076e-06
        40.8236   -2.20052e-06
        40.8856   -2.16591e-06
        40.9238   -2.14358e-06
        41.0002   -2.09662e-06
        41.1862   -1.96996e-06
        41.2673    -1.9097e-06
        41.3819    -1.8198e-06
        41.4916   -1.72872e-06
        41.5679   -1.66272e-06
         41.587   -1.64591e-06
        41.8017   -1.44872e-06
        41.9878   -1.26753e-06
         42.026   -1.22937e-06
        42.0689   -1.18609e-06
        42.1596   -1.09359e-06
        42.2598   -9.89806e-07
        42.5031   -7.32799e-07
        42.6033   -6.25692e-07
        42.6558   -5.69447e-07
         42.756   -4.61983e-07
        42.9612   -2.42643e-07
        43.0184   -1.81852e-07
        43.0614   -1.36437e-07
        43.2284    3.83064e-08
        43.2522    6.29819e-08
        43.2904     1.0229e-07
        43.5719    3.84406e-07
        43.6721    4.80897e-07
        43.8582    6.53544e-07
         43.863     6.5785e-07
        43.9727    7.55099e-07
        44.1636    9.15542e-07
        44.3926    1.09212e-06
        44.4737    1.15018e-06
        44.5071    1.17337e-06
        44.7934    1.35449e-06
        44.8936    1.41012e-06
        45.0987    1.51095e-06
        45.1226    1.52152e-06
        45.1608    1.53792e-06
        45.4614    1.64497e-06
        45.7333    1.70772e-06
        45.8097     1.7195e-06
         45.824    1.72142e-06
        45.8622    1.72612e-06
        46.1675    1.74106e-06
        46.3775    1.72847e-06
        46.4967    1.71329e-06
        46.5349    1.70723e-06
        46.6113     1.6934e-06
        46.7639    1.65902e-06
        46.9118    1.61746e-06
        47.0311    1.57829e-06
         47.179    1.52302e-06
        47.2983    1.47331e-06
        47.3699     1.4414e-06
        47.6943    1.27857e-06
        47.7134    1.26814e-06
        47.8709    1.17877e-06
        48.0999    1.03931e-06
        48.1381    1.01509e-06
        48.3671    8.64784e-07
         48.515      7.638e-07
        48.5723    7.24029e-07
        48.6725    6.53653e-07
        48.9158    4.79569e-07
        48.9397    4.62326e-07
        49.0494    3.82756e-07
        49.2832    2.12673e-07
        49.3739    1.46862e-07
        49.6411   -4.51636e-08
        49.7031   -8.91063e-08
        49.7413   -1.15994e-07
        49.8176    -1.6938e-07
        50.0037   -2.96988e-07
        50.2709   -4.72512e-07
        50.4426   -5.79545e-07
        50.4999   -6.14084e-07
        50.6192   -6.84073e-07
        50.7337   -7.48627e-07
        51.1536   -9.60893e-07
        51.2061   -9.84521e-07
        51.3063   -1.02773e-06
        51.4733   -1.09403e-06
        51.6069   -1.14179e-06
         51.688   -1.16845e-06
         51.874   -1.22276e-06
        52.1222    -1.2801e-06
        52.1794   -1.29085e-06
        52.2224    -1.2983e-06
        52.6041   -1.34139e-06
        52.6804   -1.34503e-06
        52.9476    -1.3449e-06
         52.981   -1.34349e-06
        53.1909   -1.32771e-06
        53.3436   -1.30888e-06
        53.6108   -1.26164e-06
         53.711   -1.23942e-06
        53.7492   -1.23034e-06
        53.7826   -1.22211e-06
        54.0927   -1.13387e-06
        54.2406    -1.0847e-06
        54.5269   -9.77817e-07
        54.6271   -9.37078e-07
        54.7798   -8.72006e-07
        54.8514   -8.40345e-07
        55.3142   -6.20614e-07
        55.3285   -6.13468e-07
        55.4812   -5.36229e-07
        55.6196   -4.64832e-07
         55.653   -4.47431e-07
        55.8867   -3.24263e-07
         56.111   -2.04763e-07
        56.3448   -8.00461e-08
        56.3973   -5.21609e-08
        56.4545   -2.18237e-08
        56.6883    1.00771e-07
        56.9174    2.17989e-07
        57.0319    2.75181e-07
        57.1846    3.49672e-07
         57.218    3.65671e-07
        57.6187    5.48025e-07
        57.7333    5.96454e-07
        57.9814    6.94996e-07
        57.9861    6.96801e-07
        58.0005    7.02194e-07
        58.0243    7.11112e-07
        58.0577    7.23446e-07
        58.1006    7.39044e-07
        58.1531    7.57705e-07
        58.2152    7.79176e-07
        58.2867    8.03151e-07
        58.3678    8.29267e-07
        58.4585    8.57099e-07
        58.5587    8.86159e-07
        58.6684    9.15892e-07
        58.7877    9.45676e-07
        58.8211    9.53535e-07
        58.9165    9.74818e-07
        58.9929    9.90583e-07
        59.0549    1.00256e-06
        59.2028    1.02808e-06
        59.3603    1.05049e-06
        59.3937    1.05461e-06
        59.4366    1.05958e-06
        59.5273    1.06887e-06
        59.6036    1.07542e-06
        59.7038    1.08224e-06
        59.8517    1.08866e-06
        59.8899    1.08961e-06
        59.8947    1.08971e-06
        60.0617    1.09033e-06
        60.0855    1.08997e-06
        60.2382    1.08508e-06
        60.2907    1.08236e-06
        60.4291    1.07268e-06
        60.5054    1.06581e-06
        60.6963    1.04397e-06
        60.7297    1.03948e-06
         60.806    1.02847e-06
        60.9253    1.00925e-06
        60.9635    1.00259e-06
        61.0923    9.78333e-07
        61.2068    9.54529e-07
        61.2641    9.41859e-07
        61.3404     9.2419e-07
        61.4597     8.9486e-07
        61.7221    8.23364e-07
        61.7269     8.2198e-07
        61.9559    7.52286e-07
        61.9941    7.40077e-07
        62.0084    7.35458e-07
        62.1086    7.02506e-07
        62.2756    6.45333e-07
        62.5666     5.3979e-07
        62.6573      5.056e-07
        62.8291    4.39396e-07
        62.8672    4.24459e-07
        62.9626    3.86805e-07
         63.101    3.31518e-07
        63.1774    3.00726e-07
          63.33    2.38679e-07
         63.497    1.70355e-07
        63.5972    1.29261e-07
        63.7117    8.23149e-08
        63.8263    3.54862e-08
        64.0123   -4.00975e-08
         64.165   -1.01381e-07
        64.2032   -1.16569e-07
        64.5133   -2.37425e-07
        64.5467   -2.50126e-07
         64.604   -2.71735e-07
        64.6994   -3.07265e-07
        64.7042   -3.09025e-07
        64.8712   -3.69555e-07
        65.2386    -4.9448e-07
        65.3149   -5.18843e-07
        65.4056   -5.46999e-07
        65.5058   -5.77102e-07
        65.5821   -5.99295e-07
        65.6155   -6.08798e-07
         66.002   -7.09105e-07
        66.1165   -7.35243e-07
         66.398   -7.92115e-07
        66.4171   -7.95582e-07
        66.4362   -7.98998e-07
        66.4744   -8.05679e-07
        66.8036   -8.54793e-07
         66.837   -8.58911e-07
        67.2187   -8.94495e-07
        67.3332   -9.01026e-07
         67.338   -9.01257e-07
        67.3523   -9.01929e-07
        67.3761   -9.02982e-07
        67.4095   -9.04316e-07
        67.4525   -9.05794e-07
         67.505   -9.07234e-07
         67.567   -9.08421e-07
        67.6386   -9.09097e-07
        67.6433   -9.09116e-07
        67.7197    -9.0897e-07
        67.8103    -9.0771e-07
        67.9105   -9.04956e-07
        68.0203   -9.00314e-07
        68.0775   -8.97225e-07
        68.1396   -8.93366e-07
        68.2684    -8.8367e-07
        68.2875   -8.82043e-07
        68.3066   -8.80366e-07
        68.4068   -8.70771e-07
        68.4402   -8.67278e-07
        68.5213   -8.58192e-07
        68.5547   -8.54204e-07
        68.7073   -8.34179e-07
        68.7121   -8.33506e-07
        68.8791   -8.08226e-07
        68.9745   -7.92297e-07
        69.0557   -7.77936e-07
        69.2036   -7.49869e-07
        69.2083   -7.48924e-07
        69.2227   -7.46076e-07
        69.2417   -7.42244e-07
        69.2465    -7.4128e-07
        69.2799   -7.34465e-07
        69.3228   -7.25534e-07
        69.3753   -7.14365e-07
        69.4374    -7.0081e-07
        69.5089   -6.84706e-07
          69.59   -6.65871e-07
        69.6425   -6.53363e-07
        69.6807   -6.44113e-07
        69.7809   -6.19234e-07
        69.8143   -6.10754e-07
        69.8572   -5.99718e-07
        69.8906   -5.91033e-07
        69.9097   -5.86031e-07
        70.0099   -5.59319e-07
        70.0815   -5.39791e-07
        70.1387   -5.23912e-07
        70.1578    -5.1857e-07
        70.2771   -4.84656e-07
        70.3153    -4.7362e-07
        70.3916   -4.51295e-07
         70.425   -4.41427e-07
        70.4441   -4.35761e-07
        70.5586   -4.01383e-07
        70.5825   -3.94142e-07
        70.7495    -3.4277e-07
        70.8115   -3.23414e-07
        70.8831   -3.00918e-07
         70.926   -2.87345e-07
        71.0167   -2.58523e-07
        71.0739   -2.40217e-07
        71.0787   -2.38689e-07
        71.1121   -2.27974e-07
        71.1169   -2.26442e-07
        71.3077   -1.64852e-07
        71.3459   -1.52482e-07
        71.3602    -1.4784e-07
        71.3841   -1.40101e-07
        71.4604   -1.15316e-07
        71.5129   -9.82687e-08
        71.6274   -6.10891e-08
        71.7276     -2.862e-08
        71.8946    2.52291e-08
        71.9185    3.28843e-08
        71.9519    4.35824e-08
        72.0282    6.79428e-08
        72.0855    8.61191e-08
        72.1475    1.05708e-07
        72.1857    1.17705e-07
        72.2191    1.28165e-07
        72.4147    1.88626e-07
         72.429    1.92991e-07
        72.4863    2.10361e-07
        72.5292    2.23293e-07
        72.6819    2.68552e-07
        72.8489    3.16636e-07
        72.9443     3.4338e-07
        72.9491    3.44702e-07
        72.9634    3.48661e-07
        72.9872    3.55229e-07
        73.0206    3.64363e-07
        73.0636    3.75999e-07
        73.1161    3.90051e-07
        73.1781    4.06413e-07
        73.2163    4.16346e-07
        73.2497    4.24951e-07
        73.3308    4.45503e-07
        73.3642    4.53821e-07
        73.4214    4.67878e-07
        73.4835    4.82814e-07
        73.4978    4.86217e-07
        73.5169    4.90728e-07
        73.5216    4.91851e-07
        73.6314     5.1716e-07
        73.7507    5.43504e-07
        73.7888    5.51671e-07
        73.8652    5.67611e-07
        73.8795    5.70541e-07
        73.9558    5.85848e-07
        74.0179    5.97884e-07
        74.0322     6.0061e-07
        74.0513    6.04214e-07
        74.0894    6.11317e-07
        74.1658    6.25102e-07
         74.223    6.35067e-07
        74.3232    6.51721e-07
        74.3996    6.63731e-07
        74.4902    6.77219e-07
        74.5522    6.85958e-07
        74.5666    6.87918e-07
        74.5904    6.91136e-07
        74.6668    7.01034e-07
        74.7192    7.07481e-07
        74.8528    7.22564e-07
        74.9339    7.30784e-07
        74.9673    7.33962e-07
        75.0485    7.41174e-07
        75.1582    7.49788e-07
        75.2536    7.56203e-07
        75.3538    7.61861e-07
        75.3872    7.63502e-07
         75.392    7.63726e-07
        75.4683    7.66973e-07
         75.621     7.7154e-07
        75.6926    7.72799e-07
        75.7355    7.73284e-07
        75.7498    7.73401e-07
        75.9216    7.73062e-07
        75.9264    7.73007e-07
        76.0552    7.70588e-07
        76.0934    7.69529e-07
        76.1554    7.67477e-07
        76.1697    7.66946e-07
         76.227    7.64603e-07
        76.3224    7.59933e-07
        76.4226     7.5401e-07
        76.4608    7.51483e-07
        76.5705     7.4339e-07
         76.685    7.33658e-07
        76.8377    7.18683e-07
        76.9188    7.09819e-07
         76.957    7.05434e-07
        76.9952    7.00913e-07
        77.0715    6.91471e-07
        77.2242    6.71015e-07
        77.2385    6.68993e-07
        77.4294    6.40359e-07
        77.5248    6.24916e-07
        77.5296    6.24124e-07
        77.6202    6.08753e-07
        77.7586    5.84086e-07
        77.8302    5.70779e-07
        77.8731     5.6262e-07
        77.9256    5.52476e-07
        78.0258    5.32597e-07
        78.0973       5.18e-07
        78.1403    5.09088e-07
        78.1737    5.02079e-07
        78.3264    4.69206e-07
        78.4409    4.43706e-07
          78.46     4.3939e-07
        78.7653    3.67993e-07
        78.7892    3.62245e-07
        78.8417    3.49523e-07
        78.8655    3.43706e-07
        78.9419    3.24954e-07
         79.128    2.78454e-07
        79.1327    2.77248e-07
        79.2616    2.44474e-07
        79.2997    2.34688e-07
        79.3999     2.0886e-07
        79.4763    1.89061e-07
        79.6624    1.40471e-07
        79.7435    1.19188e-07
        79.8341    9.53616e-08
        79.9343    6.90076e-08
        79.9677    6.02243e-08
        80.0441    4.01611e-08
        80.1777    5.13295e-09
        80.1967    1.41337e-10
        80.2015   -1.10598e-09
        80.2349    -9.8302e-09
         80.545   -9.00475e-08
        80.5784   -9.85768e-08
        80.6357   -1.13138e-07
        80.6596   -1.19181e-07
        80.6977   -1.28819e-07
        80.7359   -1.38417e-07
        80.9649   -1.95084e-07
        81.0031   -2.04358e-07
        81.0365   -2.12429e-07
        81.1319   -2.35256e-07
        81.2321   -2.58828e-07
        81.2464   -2.62161e-07
        81.3609   -2.88495e-07
        81.4373   -3.05713e-07
        81.6138    -3.4442e-07
        81.7665   -3.76559e-07
         81.881   -3.99795e-07
        82.0337   -4.29549e-07
         82.048   -4.32264e-07
        82.1053   -4.42993e-07
        82.1482   -4.50901e-07
        82.1816   -4.56969e-07
        82.2961   -4.77205e-07
        82.3391   -4.84563e-07
        82.6063   -5.27423e-07
         82.716   -5.43516e-07
        82.8353   -5.59977e-07
        83.0405    -5.8571e-07
        83.1025   -5.92834e-07
        83.1168   -5.94434e-07
        83.1359   -5.96542e-07
        83.2504   -6.08571e-07
        83.2695   -6.10472e-07
        83.3697   -6.19961e-07
         83.384   -6.21249e-07
        83.4079   -6.23358e-07
        83.4842    -6.2979e-07
        83.6369    -6.4119e-07
        83.9375   -6.57884e-07
        83.9422   -6.58087e-07
        84.1092   -6.63975e-07
        84.1665   -6.65447e-07
        84.1713   -6.65557e-07
        84.4003   -6.68567e-07
        84.4528   -6.68631e-07
          84.51   -6.68436e-07
        84.7057   -6.65698e-07
        84.8202   -6.62621e-07
        84.8727    -6.6085e-07
        85.0874   -6.51281e-07
        85.1017   -6.50511e-07
        85.2401    -6.4224e-07
        85.2544   -6.41298e-07
        85.3546   -6.34266e-07
        85.5406   -6.19182e-07
        85.5454   -6.18761e-07
        85.6742   -6.06771e-07
        85.8126   -5.92566e-07
         85.846   -5.88936e-07
        86.0416    -5.6615e-07
        86.2707   -5.36297e-07
        86.3231   -5.28995e-07
         86.347   -5.25621e-07
        86.3804   -5.20841e-07
        86.6476   -4.80298e-07
        86.6905   -4.73416e-07
        86.8575   -4.45756e-07
        86.8766   -4.42507e-07
        86.9577   -4.28504e-07
        86.9911   -4.22649e-07
        87.0102   -4.19281e-07
        87.3776    -3.5145e-07
        87.4158   -3.44104e-07
        87.4921    -3.2926e-07
        87.5446   -3.18942e-07
        87.7593   -2.75864e-07
          87.85   -2.57298e-07
        87.9072    -2.4547e-07
        87.9502   -2.36551e-07
        88.1172   -2.01512e-07
         88.141   -1.96465e-07
        88.2508   -1.73137e-07
        88.4464   -1.31178e-07
         88.518   -1.15738e-07
         88.747   -6.61628e-08
        88.7518   -6.51288e-08
        88.8806   -3.72165e-08
        88.9188   -2.89538e-08
        88.9951   -1.24479e-08
         89.019   -7.29655e-09
        89.2862    5.00581e-08
        89.3625    6.62901e-08
        89.3959    7.33642e-08
        89.5533    1.06456e-07
        89.6297    1.22329e-07
        89.8969    1.76818e-07
        89.9875    1.94875e-07
        90.0114    1.99587e-07
        90.0496     2.0709e-07
        90.0639    2.09892e-07
        90.1211    2.21034e-07
        90.1975    2.35722e-07
        90.6221    3.13514e-07
        90.6985    3.26723e-07
        90.7128    3.29172e-07
         90.751    3.35656e-07
        90.8512    3.52362e-07
        90.8655     3.5471e-07
        90.8846    3.57827e-07
        91.1517    3.99589e-07
        91.2663    4.16374e-07
        91.2853    4.19104e-07
        91.3855    4.33113e-07
         91.648    4.67152e-07
        91.6527    4.67735e-07
        91.6671    4.69474e-07
        91.6909    4.72345e-07
        91.7243     4.7631e-07
        91.7672    4.81309e-07
        91.8197    4.87271e-07
        91.8818    4.94102e-07
        91.9199     4.9819e-07
        91.9533    5.01693e-07
        92.0344    5.09915e-07
        92.0678    5.13182e-07
        92.1251     5.1862e-07
        92.1871    5.24278e-07
        92.2253    5.27639e-07
        92.3016    5.34081e-07
         92.335    5.36781e-07
        92.4543    5.45838e-07
        92.4877    5.48208e-07
        92.5831    5.54577e-07
        92.7215    5.62747e-07
        92.7597    5.64778e-07
        92.8694    5.70076e-07
        92.8885    5.70915e-07
        93.0221    5.76109e-07
        93.0269    5.76273e-07
        93.1032     5.7868e-07
        93.1939    5.81031e-07
        93.2559    5.82321e-07
        93.2702    5.82583e-07
        93.3704    5.84028e-07
        93.4611    5.84756e-07
        93.5183    5.84934e-07
        93.5565    5.84932e-07
        93.7283    5.83725e-07
        93.7521    5.83403e-07
        93.7903    5.82811e-07
        93.9048    5.80462e-07
        93.9382    5.79616e-07
        93.9573    5.79101e-07
        94.0957    5.74661e-07
         94.172    5.71688e-07
        94.3629    5.62652e-07
        94.3963    5.60838e-07
        94.6301    5.46244e-07
        94.8591    5.28817e-07
        94.8734    5.27628e-07
        94.8925    5.26024e-07
        94.9306    5.22756e-07
         95.007    5.15976e-07
        95.1263    5.04746e-07
        95.3314    4.83671e-07
        95.3887    4.77406e-07
        95.6225    4.50162e-07
        95.6607     4.4547e-07
        95.7752    4.30998e-07
        95.8086    4.26668e-07
        95.9422    4.08873e-07
         95.966    4.05618e-07
        96.0424    3.95046e-07
        96.2094    3.71132e-07
        96.2332    3.67632e-07
        96.3239    3.54144e-07
        96.3621     3.4838e-07
        96.5004    3.27083e-07
        96.5338    3.21851e-07
        96.6292    3.06719e-07
        96.7628    2.85099e-07
         96.844    2.71742e-07
        96.9966    2.46169e-07
         97.011    2.43745e-07
        97.1112    2.26655e-07
        97.1636    2.17624e-07
         97.469    1.64169e-07
        97.4929    1.59937e-07
        97.5692     1.4635e-07
        97.6789    1.26717e-07
        97.8316    9.92422e-08
        97.8698    9.23521e-08
        98.0654    5.69637e-08
        98.1799    3.62295e-08
        98.1942    3.36388e-08
        98.2324    2.67321e-08
         98.366    2.59732e-09
        98.3708    1.73684e-09
        98.5378   -2.82874e-08
         98.638   -4.61926e-08
        98.7143    -5.9765e-08
         98.867   -8.66933e-08
        98.9052   -9.33744e-08
        98.9386   -9.92019e-08
        98.9815   -1.06668e-07
        99.0722   -1.22326e-07
        99.1294   -1.32139e-07
        99.2487   -1.52373e-07
        99.2821   -1.57986e-07
        99.4014   -1.77824e-07
        99.4157   -1.80182e-07
        99.6686   -2.20978e-07
        99.7402   -2.32206e-07
        99.7831    -2.3887e-07
        99.9692   -2.67092e-07
        100.065   -2.81129e-07
        100.141   -2.92135e-07
        100.203   -3.00925e-07
        100.317   -3.16786e-07
         100.47   -3.37163e-07
        100.504   -3.41499e-07
        100.508   -3.42115e-07
        100.618   -3.56023e-07
        100.885   -3.87777e-07
            101    -4.0043e-07
        101.043   -4.05023e-07
        101.234   -4.24404e-07
        101.272   -4.28075e-07
        101.286   -4.29434e-07
         101.31   -4.31676e-07
        101.706   -4.64833e-07
        101.744   -4.67615e-07
        101.806   -4.71976e-07
        101.844   -4.74562e-07
        101.954   -4.81579e-07
        101.973   -4.82735e-07
        102.073   -4.88495e-07
        102.188   -4.94433e-07
        102.379   -5.02788e-07
        102.488   -5.06714e-07
        102.508   -5.07332e-07
        102.622   -5.10625e-07
        102.641   -5.11106e-07
        102.722    -5.1293e-07
         102.87    -5.1535e-07
        102.875   -5.15408e-07
         103.08   -5.16774e-07
        103.104   -5.16786e-07
        103.447   -5.13632e-07
        103.481   -5.12994e-07
        103.576   -5.10853e-07
        103.677     -5.081e-07
        103.715   -5.06915e-07
        103.791   -5.04324e-07
        103.805   -5.03805e-07
        104.058   -4.92952e-07
        104.249   -4.82687e-07
        104.282   -4.80711e-07
        104.325   -4.78094e-07
        104.492   -4.67099e-07
        104.512   -4.65761e-07
         104.55   -4.63036e-07
        104.593   -4.59892e-07
        104.745   -4.48052e-07
         104.95   -4.30567e-07
        105.027   -4.23617e-07
        105.051   -4.21396e-07
        105.084   -4.18249e-07
        105.127   -4.14139e-07
        105.318   -3.95012e-07
        105.561   -3.68689e-07
         105.58   -3.66538e-07
        105.695   -3.53374e-07
        105.714   -3.51138e-07
        105.814   -3.39213e-07
        105.929   -3.25209e-07
        105.981   -3.18662e-07
        106.081   -3.05948e-07
        106.153   -2.96699e-07
        106.196   -2.91086e-07
        106.387   -2.65588e-07
        106.611   -2.34581e-07
        106.616   -2.33911e-07
         106.63   -2.31895e-07
        106.654   -2.28528e-07
        106.687   -2.23795e-07
         106.73   -2.17681e-07
        106.783   -2.10163e-07
        106.845    -2.0122e-07
        106.916   -1.90824e-07
        106.997   -1.78951e-07
        107.088   -1.65575e-07
         107.15   -1.56364e-07
        107.188   -1.50674e-07
        107.298   -1.34231e-07
        107.355   -1.25608e-07
        107.417   -1.16235e-07
        107.451   -1.11177e-07
        107.546   -9.66845e-08
        107.622   -8.50552e-08
        107.684   -7.55885e-08
        107.699   -7.34019e-08
        107.718   -7.04856e-08
        107.832   -5.29709e-08
        107.851   -5.00499e-08
        107.985   -2.96023e-08
         107.99   -2.88723e-08
        108.119   -9.17857e-09
        108.157   -3.35259e-09
        108.233    8.28151e-09
        108.257    1.19115e-08
        108.333    2.35058e-08
        108.519    5.15953e-08
        108.601    6.37453e-08
        108.715    8.07806e-08
        108.791    9.20516e-08
        108.825    9.69592e-08
         108.92    1.10896e-07
         109.02    1.25385e-07
        109.059    1.30862e-07
        109.135    1.41744e-07
        109.359    1.73091e-07
        109.402     1.7898e-07
        109.493    1.91283e-07
        109.588    2.04037e-07
        109.593    2.04669e-07
        109.836    2.36175e-07
        109.894    2.43368e-07
        109.989     2.5516e-07
        110.089    2.67268e-07
        110.237    2.84606e-07
        110.294     2.9114e-07
        110.352    2.97572e-07
        110.395    3.02328e-07
        110.471    3.10637e-07
        110.585    3.22742e-07
        110.624    3.26679e-07
        110.695    3.33927e-07
        110.738     3.3819e-07
        110.905    3.54151e-07
        111.191    3.79133e-07
        111.196    3.79523e-07
        111.273    3.85646e-07
        111.306    3.88254e-07
        111.363    3.92623e-07
        111.463    3.99957e-07
        111.497    4.02313e-07
        111.592    4.08797e-07
        111.692    4.15206e-07
        111.807    4.22026e-07
        111.998    4.32178e-07
        112.127    4.38163e-07
        112.227    4.42329e-07
        112.265    4.43803e-07
        112.432    4.49514e-07
        112.456    4.50232e-07
        112.566    4.53216e-07
        112.608    4.54242e-07
        112.642    4.54984e-07
        112.795    4.57761e-07
        113.043    4.60114e-07
        113.067      4.602e-07
        113.143    4.60309e-07
        113.157    4.60301e-07
        113.176    4.60277e-07
         113.31    4.59671e-07
        113.329    4.59521e-07
        113.501     4.5748e-07
        113.634    4.55027e-07
        113.711    4.53289e-07
         113.83    4.50089e-07
        113.868     4.4894e-07
        114.092    4.40996e-07
        114.097    4.40805e-07
        114.111    4.40226e-07
        114.135    4.39244e-07
        114.169     4.3783e-07
        114.212    4.35948e-07
        114.245    4.34434e-07
        114.264    4.33549e-07
        114.326    4.30575e-07
        114.364    4.28671e-07
        114.398    4.26959e-07
        114.403    4.26711e-07
        114.479    4.22625e-07
        114.569    4.17487e-07
        114.632    4.13795e-07
         114.67    4.11453e-07
        114.779    4.04425e-07
        114.899    3.96298e-07
        115.028    3.86967e-07
        115.047    3.85537e-07
        115.104    3.81172e-07
        115.166    3.76321e-07
         115.18    3.75184e-07
        115.314    3.64251e-07
        115.433    3.54016e-07
        115.471     3.5065e-07
        115.638    3.35414e-07
          115.7    3.29551e-07
        115.715    3.28183e-07
        115.772    3.22654e-07
        115.815    3.18449e-07
        115.848    3.15144e-07
        115.963    3.03594e-07
        115.968    3.03105e-07
        116.001    2.99669e-07
        116.006    2.99176e-07
        116.115    2.87682e-07
        116.197    2.79004e-07
        116.235    2.74867e-07
        116.273    2.70699e-07
        116.383    2.58538e-07
        116.402    2.56398e-07
        116.502    2.45038e-07
        116.616    2.31818e-07
        116.707    2.21183e-07
        116.769    2.13825e-07
        116.841    2.05256e-07
        116.917    1.96029e-07
        116.974    1.89052e-07
        117.074    1.76732e-07
        117.151    1.67258e-07
        117.303    1.48106e-07
        117.318    1.46298e-07
        117.451    1.29326e-07
        117.571    1.14043e-07
        117.604    1.09746e-07
        117.609    1.09131e-07
        117.776    8.75346e-08
        117.833    8.00976e-08
        117.838    7.94773e-08
        117.852    7.76157e-08
        117.876    7.45113e-08
        117.909     7.0162e-08
        117.952     6.4565e-08
        118.005    5.77181e-08
        118.067    4.96196e-08
        118.105    4.46334e-08
        118.138    4.02696e-08
         118.22    2.96711e-08
         118.31    1.78308e-08
        118.387    7.87019e-09
         118.41    4.76032e-09
        118.487    -5.1797e-09
         118.52   -9.52196e-09
        118.539   -1.20012e-08
        118.639   -2.49898e-08
        118.654   -2.68411e-08
        118.678    -2.9924e-08
        118.768   -4.16073e-08
        118.845   -5.14021e-08
        118.907   -5.93273e-08
         118.94   -6.35813e-08
        118.978   -6.84311e-08
        119.021   -7.38709e-08
        119.055   -7.80895e-08
        119.112    -8.5295e-08
        119.174   -9.30614e-08
        119.207   -9.72253e-08
        119.212    -9.7819e-08
        119.288   -1.07282e-07
        119.379   -1.18424e-07
        119.513   -1.34639e-07
        119.556   -1.39795e-07
        119.608   -1.46059e-07
        119.708   -1.57895e-07
        119.742   -1.61803e-07
        119.823   -1.71213e-07
        119.913    -1.8159e-07
        119.937   -1.84295e-07
         119.99   -1.90209e-07
        120.014   -1.92879e-07
        120.142     -2.071e-07
        120.276    -2.2148e-07
        120.357    -2.3002e-07
        120.524   -2.47123e-07
        120.581   -2.52834e-07
        120.624   -2.57064e-07
        120.658   -2.60322e-07
        120.677   -2.62171e-07
         120.81   -2.74854e-07
        120.815   -2.75298e-07
        120.944   -2.87066e-07
        120.982   -2.90466e-07
        121.044   -2.95905e-07
        121.059   -2.97145e-07
        121.082   -2.99199e-07
        121.159   -3.05662e-07
        121.311   -3.18083e-07
        121.345   -3.20708e-07
         121.35   -3.21081e-07
        121.383   -3.23668e-07
        121.426   -3.26945e-07
        121.574   -3.37801e-07
        121.617   -3.40826e-07
        121.727   -3.48292e-07
        121.808   -3.53564e-07
        121.846   -3.55971e-07
        121.884   -3.58331e-07
         121.96   -3.62908e-07
        122.113   -3.71484e-07
        122.127   -3.72248e-07
        122.146   -3.73256e-07
        122.185   -3.75236e-07
        122.414   -3.86073e-07
        122.418   -3.86279e-07
        122.509   -3.90056e-07
        122.585   -3.93015e-07
        122.662   -3.95771e-07
        122.719   -3.97704e-07
        122.762   -3.99079e-07
        122.814    -4.0067e-07
        122.915   -4.03438e-07
        122.953   -4.04399e-07
        122.986   -4.05198e-07
        123.029   -4.06166e-07
         123.22   -4.09678e-07
        123.253   -4.10159e-07
        123.296    -4.1072e-07
         123.33    -4.1111e-07
        123.349   -4.11315e-07
        123.563   -4.12732e-07
        123.678   -4.12819e-07
         123.73   -4.12703e-07
        123.754   -4.12619e-07
        123.788   -4.12467e-07
        123.831   -4.12213e-07
        124.017   -4.10369e-07
        124.022   -4.10306e-07
         124.15   -4.08303e-07
        124.189   -4.07599e-07
        124.365   -4.03696e-07
        124.418   -4.02332e-07
        124.518    -3.9947e-07
        124.551   -3.98442e-07
        124.632   -3.95791e-07
        124.723   -3.92572e-07
        124.857   -3.87343e-07
        124.952   -3.83258e-07
        125.066   -3.77979e-07
        125.086    -3.7706e-07
         125.09   -3.76828e-07
        125.219   -3.70311e-07
        125.315   -3.65161e-07
        125.319   -3.64897e-07
        125.334   -3.64099e-07
        125.358   -3.62755e-07
        125.391   -3.60847e-07
        125.434   -3.58345e-07
        125.467   -3.56363e-07
        125.486   -3.55215e-07
        125.548   -3.51415e-07
         125.62   -3.46895e-07
        125.625   -3.46589e-07
        125.701   -3.41601e-07
        125.792   -3.35471e-07
        125.854   -3.31151e-07
        125.892   -3.28442e-07
        126.002   -3.20444e-07
        126.021   -3.19022e-07
        126.121   -3.11407e-07
        126.154   -3.08814e-07
        126.235   -3.02405e-07
         126.25   -3.01258e-07
        126.388   -2.89924e-07
        126.503   -2.80219e-07
        126.536   -2.77335e-07
        126.555   -2.75676e-07
        126.655   -2.66844e-07
        126.689   -2.63854e-07
        126.693   -2.63425e-07
         126.77     -2.565e-07
         126.86   -2.48132e-07
        126.937   -2.40966e-07
        126.956   -2.39158e-07
        126.994   -2.35522e-07
        127.037   -2.31402e-07
         127.07   -2.28176e-07
        127.185   -2.16974e-07
        127.223   -2.13193e-07
        127.395   -1.95908e-07
        127.419   -1.93473e-07
        127.495   -1.85632e-07
        127.528   -1.82177e-07
        127.571   -1.77714e-07
        127.624   -1.72228e-07
        127.762   -1.57613e-07
        127.839    -1.4946e-07
        127.929   -1.39704e-07
        127.991   -1.32986e-07
        128.006    -1.3143e-07
        128.029   -1.28835e-07
        128.063   -1.25193e-07
        128.258   -1.03696e-07
        128.297   -9.94729e-08
         128.33   -9.57705e-08
        128.373   -9.10015e-08
        128.526   -7.39758e-08
         128.54   -7.23749e-08
        128.597   -6.59645e-08
        128.674   -5.74029e-08
        128.793   -4.40015e-08
        128.826   -4.02457e-08
        128.831   -3.97091e-08
        128.998   -2.09244e-08
        129.055   -1.44871e-08
        129.289     1.1734e-08
        129.327        1.6e-08
        129.342    1.75983e-08
        129.442    2.87623e-08
        129.594    4.56772e-08
        129.609     4.7256e-08
        129.633    4.98845e-08
        129.761    6.40106e-08
          129.8    6.81725e-08
          129.9    7.90406e-08
         129.99    8.87971e-08
        130.129    1.03534e-07
        130.143    1.05047e-07
        130.167    1.07563e-07
          130.2    1.11076e-07
        130.243    1.15574e-07
        130.296    1.21041e-07
        130.434    1.35293e-07
        130.511    1.43048e-07
        130.663    1.58312e-07
        130.678    1.59726e-07
        130.701    1.62074e-07
        130.735    1.65348e-07
         130.83    1.74605e-07
        131.159    2.05363e-07
        131.212    2.10087e-07
        131.236    2.12217e-07
        131.269     2.1518e-07
        131.346    2.21872e-07
        131.465    2.32097e-07
        131.479    2.33304e-07
        131.498    2.34907e-07
        131.536    2.38091e-07
         131.67    2.48992e-07
        131.732    2.53921e-07
        131.746    2.55046e-07
        131.847    2.62796e-07
        132.033    2.76577e-07
        132.037     2.7692e-07
        132.204    2.88568e-07
        132.266    2.92721e-07
        132.305    2.95229e-07
        132.433    3.03422e-07
        132.534    3.09501e-07
        132.572    3.11748e-07
        132.648    3.16128e-07
        132.682    3.17996e-07
        132.739    3.21128e-07
        132.796    3.24173e-07
        132.915    3.30231e-07
        132.949    3.31857e-07
         133.03    3.35679e-07
        133.068    3.37415e-07
        133.106     3.3911e-07
        133.335     3.4842e-07
        133.407    3.51025e-07
         133.45    3.52517e-07
        133.636    3.58368e-07
        133.731     3.6098e-07
        133.769     3.6195e-07
        133.808    3.62878e-07
         133.87    3.64294e-07
        133.884    3.64605e-07
        134.137    3.69106e-07
         134.17    3.69559e-07
        134.251    3.70524e-07
        134.442     3.7203e-07
        134.518    3.72332e-07
        134.552    3.72411e-07
        134.666     3.7243e-07
        134.709    3.72339e-07
        134.876    3.71472e-07
          134.9    3.71281e-07
        134.938    3.70943e-07
        134.953    3.70805e-07
        134.977    3.70562e-07
         135.01    3.70195e-07
        135.411    3.63299e-07
        135.487    3.61473e-07
        135.511    3.60868e-07
        135.587     3.5883e-07
        135.602     3.5843e-07
        135.621    3.57888e-07
         135.64    3.57335e-07
        135.854    3.50444e-07
        135.945    3.47165e-07
        136.007    3.44797e-07
        136.041     3.4348e-07
        136.045    3.43289e-07
        136.155    3.38747e-07
        136.174    3.37925e-07
        136.274    3.33462e-07
        136.308    3.31918e-07
        136.389    3.28055e-07
        136.537    3.20597e-07
        136.542    3.20347e-07
        136.556    3.19596e-07
         136.58    3.18333e-07
        136.613    3.16543e-07
        136.656    3.14203e-07
        136.709    3.11284e-07
        136.771    3.07754e-07
        136.809    3.05538e-07
        136.842    3.03573e-07
        136.847     3.0329e-07
        136.923    2.98696e-07
        137.014    2.93076e-07
        137.076     2.8913e-07
        137.114    2.86661e-07
        137.147    2.84476e-07
         137.19    2.81633e-07
        137.224    2.79396e-07
        137.243    2.78107e-07
        137.343    2.71224e-07
        137.377    2.68886e-07
        137.381     2.6855e-07
        137.458    2.63119e-07
        137.472    2.62088e-07
         137.61     2.5193e-07
        137.725    2.43266e-07
        137.758    2.40696e-07
        137.892     2.3023e-07
        137.911    2.28711e-07
        137.916    2.28331e-07
        137.992    2.22193e-07
        138.083    2.14788e-07
        138.145    2.09651e-07
        138.216    2.03656e-07
        138.259    2.00024e-07
         138.35    1.92276e-07
        138.412    1.86914e-07
        138.445    1.84006e-07
         138.56    1.73936e-07
        138.617    1.68844e-07
        138.641    1.66711e-07
        138.693    1.61998e-07
        138.717    1.59846e-07
        138.827    1.49873e-07
        138.846    1.48126e-07
        138.946    1.38903e-07
         138.98    1.35808e-07
        139.061    1.28255e-07
        139.228    1.12547e-07
        139.252    1.10287e-07
        139.285    1.07117e-07
        139.361    9.98467e-08
         139.38    9.80238e-08
        139.481     8.8422e-08
        139.519    8.47513e-08
        139.595     7.7391e-08
        139.748     6.2606e-08
        139.762    6.12163e-08
        139.862    5.14741e-08
        139.896    4.82222e-08
        140.015    3.65952e-08
        140.053    3.28717e-08
         140.22    1.65788e-08
        140.277    1.09959e-08
         140.32    6.81116e-09
         140.43   -3.86922e-09
        140.511   -1.17462e-08
        140.549   -1.54466e-08
        140.697   -2.97387e-08
        140.817   -4.11984e-08
        140.831    -4.2569e-08
        140.931    -5.2132e-08
        140.984   -5.71181e-08
        141.084   -6.65885e-08
        141.117   -6.97301e-08
        141.122   -7.01783e-08
        141.155   -7.33108e-08
        141.213   -7.86614e-08
        141.289   -8.57555e-08
        141.365    -9.2801e-08
        141.389   -9.49923e-08
        141.423   -9.80515e-08
        141.556   -1.10183e-07
        141.652   -1.18739e-07
        141.733   -1.25935e-07
        141.885   -1.39279e-07
          141.9   -1.40515e-07
        141.924   -1.42571e-07
        142.052   -1.53547e-07
        142.148   -1.61538e-07
        142.153   -1.61934e-07
        142.167   -1.63121e-07
        142.191   -1.65093e-07
        142.224    -1.6784e-07
        142.267   -1.71349e-07
         142.32   -1.75602e-07
        142.382   -1.80576e-07
        142.453   -1.86242e-07
        142.491   -1.89232e-07
        142.534   -1.92569e-07
        142.568   -1.95144e-07
        142.625   -1.99516e-07
         142.72   -2.06683e-07
        142.725   -2.07038e-07
        142.802   -2.12655e-07
        142.835   -2.15082e-07
        142.954   -2.23587e-07
        143.069   -2.31511e-07
        143.083   -2.32485e-07
        143.121   -2.35062e-07
        143.221   -2.41698e-07
        143.255   -2.43867e-07
         143.26   -2.44175e-07
        143.369    -2.5114e-07
        143.427   -2.54679e-07
        143.527   -2.60715e-07
         143.56   -2.62681e-07
        143.603   -2.65176e-07
        143.656   -2.68173e-07
        143.694   -2.70316e-07
        143.756   -2.73734e-07
        143.789    -2.7554e-07
        143.794   -2.75796e-07
         143.87   -2.79827e-07
        143.961   -2.84451e-07
        144.056   -2.89123e-07
        144.171   -2.94462e-07
        144.252   -2.98065e-07
         144.29   -2.99709e-07
        144.405    -3.0444e-07
        144.457   -3.06508e-07
        144.557   -3.10277e-07
        144.591   -3.11481e-07
        144.629   -3.12825e-07
        144.672   -3.14295e-07
        144.858   -3.20162e-07
        144.896   -3.21264e-07
        144.939    -3.2246e-07
        144.953    -3.2285e-07
         145.13   -3.27241e-07
        145.163   -3.27987e-07
        145.206   -3.28905e-07
        145.259   -3.29967e-07
        145.359   -3.31807e-07
        145.373    -3.3205e-07
        145.392   -3.32366e-07
        145.397   -3.32443e-07
        145.473   -3.33609e-07
        145.507   -3.34073e-07
        145.626   -3.35509e-07
        145.774   -3.36804e-07
        145.889   -3.37436e-07
        146.099   -3.37759e-07
        146.122   -3.37728e-07
        146.161   -3.37648e-07
        146.175   -3.37609e-07
        146.199   -3.37533e-07
        146.232   -3.37403e-07
        146.275   -3.37197e-07
        146.308   -3.37005e-07
        146.442   -3.35967e-07
        146.461   -3.35784e-07
        146.633   -3.33739e-07
        146.733   -3.32221e-07
        146.862   -3.29921e-07
        146.962   -3.27863e-07
        146.996   -3.27125e-07
        147.034   -3.26251e-07
        147.077   -3.25226e-07
        147.301   -3.19195e-07
        147.344   -3.17911e-07
        147.377   -3.16883e-07
        147.497   -3.13014e-07
         147.53   -3.11874e-07
        147.535    -3.1171e-07
        147.611   -3.09007e-07
        147.664   -3.07076e-07
        147.759   -3.03415e-07
        147.797   -3.01898e-07
        147.878   -2.98572e-07
        147.969   -2.94694e-07
        147.993   -2.93646e-07
        148.031   -2.91945e-07
        148.069   -2.90216e-07
        148.312   -2.78516e-07
        148.332    -2.7755e-07
        148.336   -2.77308e-07
         148.37   -2.75598e-07
        148.465     -2.706e-07
        148.565   -2.65173e-07
        148.603   -2.63058e-07
         148.68   -2.58751e-07
        148.694   -2.57932e-07
         148.77   -2.53506e-07
        148.847   -2.48981e-07
        148.947   -2.42896e-07
        149.038   -2.37252e-07
        149.138   -2.30864e-07
        149.214   -2.25895e-07
        149.367     -2.157e-07
        149.381   -2.14727e-07
        149.405     -2.131e-07
        149.438   -2.10808e-07
        149.481   -2.07839e-07
        149.515   -2.05513e-07
        149.534   -2.04177e-07
        149.672   -1.94352e-07
        149.782    -1.8639e-07
        149.839    -1.8218e-07
        149.901   -1.77576e-07
        149.916   -1.76508e-07
        149.939   -1.74722e-07
        150.049   -1.66428e-07
        150.168   -1.57273e-07
        150.207   -1.54314e-07
        150.436   -1.36284e-07
         150.45   -1.35142e-07
        150.469   -1.33618e-07
        150.565   -1.25952e-07
        150.584   -1.24411e-07
        150.703    -1.1472e-07
        150.741   -1.11598e-07
        150.774    -1.0886e-07
         150.97   -9.26914e-08
        151.042   -8.67267e-08
        151.085   -8.31368e-08
        151.118   -8.03392e-08
        151.175   -7.55329e-08
        151.385   -5.78152e-08
        151.442   -5.29621e-08
          151.5   -4.81022e-08
        151.504    -4.7697e-08
        151.733   -2.82102e-08
         151.81    -2.1707e-08
        151.886   -1.52044e-08
        152.039   -2.21155e-09
        152.153    7.51196e-09
        152.244    1.51904e-08
        152.306    2.04317e-08
        152.339    2.32493e-08
        152.344    2.36515e-08
        152.435    3.12789e-08
        152.573    4.28598e-08
        152.588    4.40531e-08
        152.645    4.88166e-08
        152.688    5.23787e-08
         152.74    5.67193e-08
         152.84    6.49633e-08
        152.874     6.7698e-08
        152.879    6.80881e-08
        153.007    7.85656e-08
        153.108    8.66354e-08
        153.122    8.77822e-08
        153.141    8.93089e-08
        153.146    8.96902e-08
        153.375    1.07773e-07
         153.58    1.23577e-07
        153.604    1.25388e-07
        153.656    1.29353e-07
        153.714    1.33646e-07
        153.909    1.48045e-07
        153.924    1.49081e-07
        153.947    1.50804e-07
        154.076    1.59988e-07
        154.191    1.67981e-07
        154.215    1.69626e-07
        154.291    1.74837e-07
        154.324    1.77093e-07
        154.343    1.78376e-07
        154.477    1.87214e-07
        154.558    1.92458e-07
        154.592     1.9459e-07
        154.725    2.02955e-07
        154.749     2.0442e-07
        154.782    2.06458e-07
        154.825    2.09053e-07
        154.878    2.12185e-07
         155.05    2.22134e-07
        155.093    2.24547e-07
        155.283    2.34904e-07
         155.36    2.38875e-07
        155.393     2.4058e-07
        155.474    2.44642e-07
        155.512    2.46513e-07
        155.551    2.48359e-07
        155.584    2.49952e-07
        155.627    2.51972e-07
        155.794    2.59509e-07
        155.851    2.61975e-07
        156.061    2.70494e-07
         156.08    2.71227e-07
        156.161    2.74265e-07
        156.252     2.7751e-07
        156.314    2.79638e-07
        156.352     2.8091e-07
        156.481    2.84993e-07
        156.581    2.87941e-07
        156.619    2.89011e-07
        156.696    2.91064e-07
        156.887    2.95681e-07
         156.92    2.96413e-07
        156.963    2.97321e-07
        157.111    3.00159e-07
        157.116    3.00243e-07
         157.13    3.00492e-07
        157.154    3.00899e-07
        157.187    3.01448e-07
         157.23     3.0212e-07
        157.283     3.0289e-07
        157.321    3.03415e-07
        157.345    3.03727e-07
        157.383    3.04202e-07
        157.397    3.04373e-07
        157.416    3.04594e-07
        157.454    3.05013e-07
        157.497    3.05448e-07
        157.588    3.06241e-07
         157.65    3.06686e-07
        157.688     3.0692e-07
        157.798    3.07425e-07
        157.917    3.07691e-07
        157.955    3.07714e-07
        157.989     3.0771e-07
        158.046    3.07649e-07
        158.065    3.07613e-07
        158.084    3.07571e-07
        158.184    3.07223e-07
        158.199    3.07157e-07
        158.218    3.07061e-07
        158.299    3.06574e-07
        158.332    3.06334e-07
         158.39    3.05871e-07
         158.49      3.049e-07
        158.599    3.03604e-07
        158.619    3.03354e-07
        158.657    3.02832e-07
        158.719    3.01921e-07
        158.757    3.01323e-07
        158.833    3.00041e-07
        158.981     2.9723e-07
        158.986    2.97132e-07
        159.019    2.96435e-07
          159.1    2.94653e-07
        159.215    2.91923e-07
        159.253    2.90957e-07
        159.325    2.89072e-07
         159.42    2.86411e-07
         159.52    2.83435e-07
        159.635    2.79809e-07
        159.687    2.78069e-07
        159.788     2.7461e-07
        159.859    2.72031e-07
        159.902    2.70441e-07
        159.916    2.69904e-07
        159.993     2.6698e-07
